
Call:
FAMD(base = homesite, graph = FALSE) 


Eigenvalues
                      Dim.1  Dim.2  Dim.3  Dim.4  Dim.5
Variance             59.687 46.644 30.494 27.119 26.041
% of var.             1.546  1.208  0.790  0.702  0.675
Cumulative % of var.  1.546  2.754  3.544  4.246  4.921

Individuals (the 10 first)
                  Dist     Dim.1     ctr    cos2     Dim.2     ctr    cos2     Dim.3     ctr    cos2
1            |  59.784 | -10.786   0.004   0.033 |   0.093   0.000   0.000 |  -3.222   0.001   0.003
2            |  56.934 |   9.218   0.003   0.026 |  -9.991   0.004   0.031 |  -3.000   0.001   0.003
3            |  53.896 |   8.066   0.002   0.022 |  -8.157   0.003   0.023 |  -5.290   0.002   0.010
4            |  61.770 |   4.295   0.001   0.005 |  11.862   0.006   0.037 |  -6.324   0.003   0.010
5            |  57.079 |   2.196   0.000   0.001 |   1.113   0.000   0.000 |  10.936   0.008   0.037
6            |  73.316 |   3.424   0.000   0.002 |   0.042   0.000   0.000 |  12.045   0.010   0.027
7            |  60.270 |   0.640   0.000   0.000 |   9.469   0.004   0.025 |  -0.823   0.000   0.000
8            |  55.162 |  -8.980   0.003   0.027 |  -0.175   0.000   0.000 |   3.657   0.001   0.004
9            |  57.594 |   5.408   0.001   0.009 |  10.796   0.005   0.035 |  -7.063   0.003   0.015
10           |  60.352 |   6.297   0.001   0.011 |  -5.825   0.001   0.009 |  -1.704   0.000   0.001
              
1            |
2            |
3            |
4            |
5            |
6            |
7            |
8            |
9            |
10           |

Continuous variables (the 10 first)
                Dim.1    ctr   cos2    Dim.2    ctr   cos2    Dim.3    ctr   cos2  
Field8       |  0.319  0.171  0.102 | -0.612  0.802  0.374 | -0.092  0.028  0.008 |
Field9       |  0.570  0.544  0.325 | -0.724  1.124  0.524 | -0.256  0.215  0.066 |
Field10      | -0.156  0.041  0.024 |  0.682  0.996  0.465 |  0.571  1.068  0.326 |
Field11      |  0.841  1.185  0.707 |  0.384  0.317  0.148 |  0.173  0.098  0.030 |
SalesField8  |  0.001  0.000  0.000 | -0.002  0.000  0.000 |  0.003  0.000  0.000 |
SalesField10 |  0.076  0.010  0.006 |  0.008  0.000  0.000 | -0.028  0.003  0.001 |
SalesField11 |  0.092  0.014  0.008 | -0.102  0.022  0.010 | -0.045  0.007  0.002 |
SalesField12 |  0.089  0.013  0.008 | -0.103  0.023  0.011 | -0.044  0.006  0.002 |
SalesField13 |  0.039  0.003  0.002 |  0.020  0.001  0.000 | -0.007  0.000  0.000 |
SalesField14 |  0.045  0.003  0.002 | -0.016  0.001  0.000 | -0.007  0.000  0.000 |

Categories (the 10 first)
                  Dim.1      ctr     cos2   v.test      Dim.2      ctr     cos2   v.test      Dim.3
A            |  -10.334    0.000    0.012   -3.276 |   -1.869    0.000    0.000   -0.670 |    0.840
B            |   -9.821    0.981    0.961 -214.345 |   -1.815    0.055    0.033  -44.812 |   -0.156
C            |    5.856    0.021    0.104   25.503 |    1.436    0.002    0.006    7.076 |   12.200
D            |    7.662    0.002    0.025    6.874 |   -7.928    0.003    0.027   -8.046 |   -1.842
E            |    4.663    0.060    0.098   44.489 |    1.190    0.006    0.006   12.844 |   12.047
F            |    7.805    0.456    0.467  136.220 |   -7.689    0.725    0.453 -151.812 |   -2.537
J            |    3.353    0.063    0.085   48.326 |   10.223    0.954    0.793  166.654 |   -2.843
K            |    4.319    0.027    0.097   28.947 |   10.549    0.260    0.581   79.984 |   -2.976
1            |    4.698    0.011    0.107   18.398 |    9.960    0.082    0.483   44.124 |   -2.843
2            |   -8.140    0.024    0.351  -26.784 |   -2.103    0.003    0.023   -7.829 |   -0.340
                  ctr     cos2   v.test  
A               0.000    0.000    0.372 |
B               0.001    0.000   -4.765 |
C               0.354    0.453   74.333 |
D               0.000    0.001   -2.312 |
E               1.530    0.653  160.807 |
F               0.185    0.049  -61.941 |
J               0.173    0.061  -57.315 |
K               0.048    0.046  -27.905 |
1               0.016    0.039  -15.578 |
2               0.000    0.001   -1.566 |