eigenvalue	percentage of variance	cumulative percentage of variance
2.266477e-01	1.451193e+00	1.451193e+00
1.880513e-01	1.204066e+00	2.655259e+00
1.291688e-01	8.270496e-01	3.482309e+00
1.174424e-01	7.519670e-01	4.234276e+00
1.151103e-01	7.370351e-01	4.971311e+00
9.608943e-02	6.152470e-01	5.586558e+00
8.809079e-02	5.640328e-01	6.150591e+00
8.721430e-02	5.584208e-01	6.709011e+00
8.032823e-02	5.143303e-01	7.223342e+00
7.764506e-02	4.971503e-01	7.720492e+00
7.020812e-02	4.495326e-01	8.170025e+00
6.441039e-02	4.124106e-01	8.582435e+00
6.317831e-02	4.045218e-01	8.986957e+00
6.033144e-02	3.862936e-01	9.373251e+00
5.881014e-02	3.765530e-01	9.749803e+00
5.736316e-02	3.672882e-01	1.011709e+01
5.621519e-02	3.599379e-01	1.047703e+01
5.418061e-02	3.469108e-01	1.082394e+01
5.220936e-02	3.342891e-01	1.115823e+01
5.025461e-02	3.217731e-01	1.148000e+01
4.968110e-02	3.181010e-01	1.179810e+01
4.922135e-02	3.151573e-01	1.211326e+01
4.843438e-02	3.101185e-01	1.242338e+01
4.731883e-02	3.029757e-01	1.272636e+01
4.681171e-02	2.997287e-01	1.302608e+01
4.650950e-02	2.977937e-01	1.332388e+01
4.594383e-02	2.941718e-01	1.361805e+01
4.559934e-02	2.919661e-01	1.391002e+01
4.474987e-02	2.865271e-01	1.419654e+01
4.447444e-02	2.847635e-01	1.448131e+01
4.375643e-02	2.801662e-01	1.476147e+01
4.347494e-02	2.783639e-01	1.503984e+01
4.287272e-02	2.745079e-01	1.531434e+01
4.200493e-02	2.689516e-01	1.558330e+01
4.146902e-02	2.655203e-01	1.584882e+01
4.133583e-02	2.646675e-01	1.611348e+01
4.059981e-02	2.599548e-01	1.637344e+01
3.990244e-02	2.554896e-01	1.662893e+01
3.927917e-02	2.514990e-01	1.688043e+01
3.888628e-02	2.489833e-01	1.712941e+01
3.854130e-02	2.467744e-01	1.737618e+01
3.803097e-02	2.435069e-01	1.761969e+01
3.764252e-02	2.410197e-01	1.786071e+01
3.735421e-02	2.391737e-01	1.809988e+01
3.676050e-02	2.353722e-01	1.833526e+01
3.645631e-02	2.334246e-01	1.856868e+01
3.582399e-02	2.293759e-01	1.879806e+01
3.564137e-02	2.282066e-01	1.902626e+01
3.513703e-02	2.249774e-01	1.925124e+01
3.472714e-02	2.223529e-01	1.947359e+01
3.457961e-02	2.214084e-01	1.969500e+01
3.376710e-02	2.162059e-01	1.991121e+01
3.358261e-02	2.150247e-01	2.012623e+01
3.320277e-02	2.125926e-01	2.033883e+01
3.297205e-02	2.111154e-01	2.054994e+01
3.266461e-02	2.091468e-01	2.075909e+01
3.211349e-02	2.056181e-01	2.096471e+01
3.174434e-02	2.032545e-01	2.116796e+01
3.165579e-02	2.026875e-01	2.137065e+01
3.123156e-02	1.999713e-01	2.157062e+01
3.091043e-02	1.979151e-01	2.176853e+01
3.064667e-02	1.962263e-01	2.196476e+01
3.024493e-02	1.936540e-01	2.215842e+01
2.986802e-02	1.912407e-01	2.234966e+01
2.970395e-02	1.901902e-01	2.253985e+01
2.936695e-02	1.880324e-01	2.272788e+01
2.913722e-02	1.865615e-01	2.291444e+01
2.887331e-02	1.848717e-01	2.309931e+01
2.871335e-02	1.838475e-01	2.328316e+01
2.859892e-02	1.831148e-01	2.346627e+01
2.822978e-02	1.807512e-01	2.364703e+01
2.810418e-02	1.799471e-01	2.382697e+01
2.797633e-02	1.791285e-01	2.400610e+01
2.770254e-02	1.773754e-01	2.418348e+01
2.758911e-02	1.766492e-01	2.436013e+01
2.738107e-02	1.753171e-01	2.453544e+01
2.723712e-02	1.743954e-01	2.470984e+01
2.700530e-02	1.729111e-01	2.488275e+01
2.674354e-02	1.712351e-01	2.505398e+01
2.669106e-02	1.708991e-01	2.522488e+01
2.649907e-02	1.696698e-01	2.539455e+01
2.621823e-02	1.678716e-01	2.556242e+01
2.607802e-02	1.669738e-01	2.572940e+01
2.594946e-02	1.661507e-01	2.589555e+01
2.584887e-02	1.655066e-01	2.606106e+01
2.573110e-02	1.647526e-01	2.622581e+01
2.546613e-02	1.630560e-01	2.638886e+01
2.532724e-02	1.621667e-01	2.655103e+01
2.521205e-02	1.614292e-01	2.671246e+01
2.509401e-02	1.606734e-01	2.687313e+01
2.498898e-02	1.600009e-01	2.703313e+01
2.481294e-02	1.588738e-01	2.719201e+01
2.471893e-02	1.582718e-01	2.735028e+01
2.462538e-02	1.576728e-01	2.750795e+01
2.445755e-02	1.565982e-01	2.766455e+01
2.435547e-02	1.559446e-01	2.782050e+01
2.426823e-02	1.553860e-01	2.797588e+01
2.406892e-02	1.541099e-01	2.812999e+01
2.402598e-02	1.538349e-01	2.828383e+01
2.385778e-02	1.527580e-01	2.843658e+01
2.364570e-02	1.514001e-01	2.858798e+01
2.357506e-02	1.509477e-01	2.873893e+01
2.356465e-02	1.508811e-01	2.888981e+01
2.346301e-02	1.502303e-01	2.904004e+01
2.342002e-02	1.499551e-01	2.919000e+01
2.321519e-02	1.486436e-01	2.933864e+01
2.317000e-02	1.483542e-01	2.948700e+01
2.296881e-02	1.470661e-01	2.963406e+01
2.286214e-02	1.463831e-01	2.978045e+01
2.261215e-02	1.447824e-01	2.992523e+01
2.255219e-02	1.443985e-01	3.006963e+01
2.250200e-02	1.440771e-01	3.021370e+01
2.244076e-02	1.436850e-01	3.035739e+01
2.231006e-02	1.428481e-01	3.050024e+01
2.221912e-02	1.422659e-01	3.064250e+01
2.216557e-02	1.419230e-01	3.078443e+01
2.212399e-02	1.416568e-01	3.092608e+01
2.210874e-02	1.415591e-01	3.106764e+01
2.190139e-02	1.402315e-01	3.120787e+01
2.185138e-02	1.399113e-01	3.134778e+01
2.170958e-02	1.390033e-01	3.148679e+01
2.167817e-02	1.388023e-01	3.162559e+01
2.153494e-02	1.378852e-01	3.176347e+01
2.149570e-02	1.376339e-01	3.190111e+01
2.140076e-02	1.370260e-01	3.203813e+01
2.135612e-02	1.367402e-01	3.217488e+01
2.130772e-02	1.364303e-01	3.231131e+01
2.123562e-02	1.359687e-01	3.244727e+01
2.117466e-02	1.355783e-01	3.258285e+01
2.102141e-02	1.345971e-01	3.271745e+01
2.098246e-02	1.343477e-01	3.285180e+01
2.092851e-02	1.340023e-01	3.298580e+01
2.084305e-02	1.334551e-01	3.311925e+01
2.081074e-02	1.332482e-01	3.325250e+01
2.072357e-02	1.326901e-01	3.338519e+01
2.069700e-02	1.325199e-01	3.351771e+01
2.066925e-02	1.323423e-01	3.365005e+01
2.050057e-02	1.312623e-01	3.378132e+01
2.042610e-02	1.307854e-01	3.391210e+01
2.035616e-02	1.303376e-01	3.404244e+01
2.033705e-02	1.302152e-01	3.417266e+01
2.025428e-02	1.296853e-01	3.430234e+01
2.018916e-02	1.292683e-01	3.443161e+01
2.014233e-02	1.289685e-01	3.456058e+01
2.000453e-02	1.280862e-01	3.468866e+01
1.996537e-02	1.278354e-01	3.481650e+01
1.989473e-02	1.273831e-01	3.494388e+01
1.982632e-02	1.269451e-01	3.507083e+01
1.975457e-02	1.264857e-01	3.519731e+01
1.973145e-02	1.263377e-01	3.532365e+01
1.960877e-02	1.255521e-01	3.544920e+01
1.957877e-02	1.253601e-01	3.557456e+01
1.954836e-02	1.251653e-01	3.569973e+01
1.943762e-02	1.244563e-01	3.582418e+01
1.937005e-02	1.240237e-01	3.594821e+01
1.929735e-02	1.235582e-01	3.607177e+01
1.927838e-02	1.234368e-01	3.619520e+01
1.923710e-02	1.231724e-01	3.631838e+01
1.915493e-02	1.226463e-01	3.644102e+01
1.906880e-02	1.220948e-01	3.656312e+01
1.905542e-02	1.220091e-01	3.668513e+01
1.892757e-02	1.211906e-01	3.680632e+01
1.889142e-02	1.209591e-01	3.692728e+01
1.887620e-02	1.208616e-01	3.704814e+01
1.877631e-02	1.202221e-01	3.716836e+01
1.871540e-02	1.198320e-01	3.728819e+01
1.867434e-02	1.195692e-01	3.740776e+01
1.861208e-02	1.191705e-01	3.752693e+01
1.854348e-02	1.187312e-01	3.764566e+01
1.852915e-02	1.186395e-01	3.776430e+01
1.851047e-02	1.185199e-01	3.788282e+01
1.848424e-02	1.183520e-01	3.800117e+01
1.837469e-02	1.176505e-01	3.811882e+01
1.831069e-02	1.172407e-01	3.823607e+01
1.827463e-02	1.170099e-01	3.835307e+01
1.821471e-02	1.166262e-01	3.846970e+01
1.819572e-02	1.165046e-01	3.858621e+01
1.818881e-02	1.164604e-01	3.870267e+01
1.812719e-02	1.160658e-01	3.881873e+01
1.808321e-02	1.157842e-01	3.893452e+01
1.806031e-02	1.156376e-01	3.905015e+01
1.795707e-02	1.149766e-01	3.916513e+01
1.790152e-02	1.146209e-01	3.927975e+01
1.784491e-02	1.142584e-01	3.939401e+01
1.783389e-02	1.141879e-01	3.950820e+01
1.781162e-02	1.140453e-01	3.962224e+01
1.778618e-02	1.138824e-01	3.973613e+01
1.775446e-02	1.136793e-01	3.984980e+01
1.767845e-02	1.131926e-01	3.996300e+01
1.759363e-02	1.126495e-01	4.007565e+01
1.759256e-02	1.126427e-01	4.018829e+01
1.751388e-02	1.121389e-01	4.030043e+01
1.748623e-02	1.119618e-01	4.041239e+01
1.746922e-02	1.118529e-01	4.052424e+01
1.743226e-02	1.116163e-01	4.063586e+01
1.738592e-02	1.113196e-01	4.074718e+01
1.735469e-02	1.111196e-01	4.085830e+01
1.728495e-02	1.106731e-01	4.096897e+01
1.721865e-02	1.102486e-01	4.107922e+01
1.717824e-02	1.099898e-01	4.118921e+01
1.711696e-02	1.095975e-01	4.129881e+01
1.706162e-02	1.092432e-01	4.140805e+01
1.704533e-02	1.091388e-01	4.151719e+01
1.699792e-02	1.088353e-01	4.162602e+01
1.697878e-02	1.087127e-01	4.173474e+01
1.695676e-02	1.085717e-01	4.184331e+01
1.690989e-02	1.082716e-01	4.195158e+01
1.686457e-02	1.079815e-01	4.205956e+01
1.686152e-02	1.079619e-01	4.216752e+01
1.682984e-02	1.077591e-01	4.227528e+01
1.679198e-02	1.075167e-01	4.238280e+01
1.677205e-02	1.073891e-01	4.249019e+01
1.667955e-02	1.067968e-01	4.259699e+01
1.665011e-02	1.066083e-01	4.270359e+01
1.661953e-02	1.064125e-01	4.281001e+01
1.661262e-02	1.063682e-01	4.291637e+01
1.656420e-02	1.060582e-01	4.302243e+01
1.649293e-02	1.056019e-01	4.312803e+01
1.646845e-02	1.054451e-01	4.323348e+01
1.645422e-02	1.053540e-01	4.333883e+01
1.638886e-02	1.049356e-01	4.344377e+01
1.637372e-02	1.048386e-01	4.354861e+01
1.634383e-02	1.046472e-01	4.365326e+01
1.628794e-02	1.042894e-01	4.375754e+01
1.623013e-02	1.039192e-01	4.386146e+01
1.619057e-02	1.036659e-01	4.396513e+01
1.616501e-02	1.035023e-01	4.406863e+01
1.614301e-02	1.033614e-01	4.417199e+01
1.608670e-02	1.030008e-01	4.427499e+01
1.605100e-02	1.027723e-01	4.437777e+01
1.602284e-02	1.025919e-01	4.448036e+01
1.596655e-02	1.022316e-01	4.458259e+01
1.594197e-02	1.020742e-01	4.468466e+01
1.591392e-02	1.018946e-01	4.478656e+01
1.588648e-02	1.017188e-01	4.488828e+01
1.586723e-02	1.015956e-01	4.498987e+01
1.580606e-02	1.012040e-01	4.509108e+01
1.578436e-02	1.010650e-01	4.519214e+01
1.575402e-02	1.008707e-01	4.529301e+01
1.572671e-02	1.006959e-01	4.539371e+01
1.568739e-02	1.004441e-01	4.549415e+01
1.562410e-02	1.000389e-01	4.559419e+01
1.557631e-02	9.973292e-02	4.569392e+01
1.554935e-02	9.956028e-02	4.579349e+01
1.552740e-02	9.941975e-02	4.589290e+01
1.548056e-02	9.911984e-02	4.599202e+01
1.546479e-02	9.901884e-02	4.609104e+01
1.543654e-02	9.883798e-02	4.618988e+01
1.541764e-02	9.871698e-02	4.628860e+01
1.537933e-02	9.847164e-02	4.638707e+01
1.534435e-02	9.824771e-02	4.648532e+01
1.534058e-02	9.822353e-02	4.658354e+01
1.528153e-02	9.784547e-02	4.668139e+01
1.524298e-02	9.759862e-02	4.677899e+01
1.523651e-02	9.755724e-02	4.687654e+01
1.518800e-02	9.724660e-02	4.697379e+01
1.517458e-02	9.716069e-02	4.707095e+01
1.514139e-02	9.694819e-02	4.716790e+01
1.510872e-02	9.673897e-02	4.726464e+01
1.506182e-02	9.643869e-02	4.736108e+01
1.503285e-02	9.625321e-02	4.745733e+01
1.501580e-02	9.614404e-02	4.755347e+01
1.499952e-02	9.603979e-02	4.764951e+01
1.499011e-02	9.597952e-02	4.774549e+01
1.491764e-02	9.551553e-02	4.784101e+01
1.489938e-02	9.539862e-02	4.793641e+01
1.486379e-02	9.517073e-02	4.803158e+01
1.483797e-02	9.500544e-02	4.812658e+01
1.480067e-02	9.476662e-02	4.822135e+01
1.478139e-02	9.464316e-02	4.831599e+01
1.475877e-02	9.449832e-02	4.841049e+01
1.473991e-02	9.437753e-02	4.850487e+01
1.467217e-02	9.394384e-02	4.859881e+01
1.464664e-02	9.378033e-02	4.869259e+01
1.460886e-02	9.353843e-02	4.878613e+01
1.458435e-02	9.338155e-02	4.887951e+01
1.457434e-02	9.331743e-02	4.897283e+01
1.452832e-02	9.302276e-02	4.906585e+01
1.450267e-02	9.285855e-02	4.915871e+01
1.449263e-02	9.279424e-02	4.925151e+01
1.444329e-02	9.247831e-02	4.934398e+01
1.440553e-02	9.223655e-02	4.943622e+01
1.439352e-02	9.215967e-02	4.952838e+01
1.434342e-02	9.183891e-02	4.962022e+01
1.433920e-02	9.181187e-02	4.971203e+01
1.432007e-02	9.168936e-02	4.980372e+01
1.430664e-02	9.160337e-02	4.989532e+01
1.426932e-02	9.136445e-02	4.998669e+01
1.426095e-02	9.131083e-02	5.007800e+01
1.421767e-02	9.103372e-02	5.016903e+01
1.418598e-02	9.083078e-02	5.025986e+01
1.416893e-02	9.072166e-02	5.035059e+01
1.415288e-02	9.061889e-02	5.044120e+01
1.412264e-02	9.042529e-02	5.053163e+01
1.410560e-02	9.031618e-02	5.062195e+01
1.408692e-02	9.019654e-02	5.071214e+01
1.407098e-02	9.009447e-02	5.080224e+01
1.399578e-02	8.961301e-02	5.089185e+01
1.398070e-02	8.951642e-02	5.098137e+01
1.395384e-02	8.934446e-02	5.107071e+01
1.393069e-02	8.919622e-02	5.115991e+01
1.391134e-02	8.907233e-02	5.124898e+01
1.388607e-02	8.891055e-02	5.133789e+01
1.386625e-02	8.878366e-02	5.142667e+01
1.382977e-02	8.855006e-02	5.151522e+01
1.378336e-02	8.825288e-02	5.160348e+01
1.375907e-02	8.809736e-02	5.169157e+01
1.373979e-02	8.797395e-02	5.177955e+01
1.372301e-02	8.786646e-02	5.186741e+01
1.367674e-02	8.757024e-02	5.195498e+01
1.366009e-02	8.746360e-02	5.204245e+01
1.361454e-02	8.717194e-02	5.212962e+01
1.358680e-02	8.699437e-02	5.221661e+01
1.356927e-02	8.688211e-02	5.230350e+01
1.354345e-02	8.671678e-02	5.239021e+01
1.353521e-02	8.666406e-02	5.247688e+01
1.351009e-02	8.650320e-02	5.256338e+01
1.350130e-02	8.644691e-02	5.264983e+01
1.345789e-02	8.616894e-02	5.273600e+01
1.339595e-02	8.577233e-02	5.282177e+01
1.337765e-02	8.565522e-02	5.290742e+01
1.334673e-02	8.545721e-02	5.299288e+01
1.331399e-02	8.524756e-02	5.307813e+01
1.330603e-02	8.519665e-02	5.316332e+01
1.328242e-02	8.504542e-02	5.324837e+01
1.326860e-02	8.495696e-02	5.333333e+01
1.324475e-02	8.480425e-02	5.341813e+01
1.323123e-02	8.471768e-02	5.350285e+01
1.320658e-02	8.455983e-02	5.358741e+01
1.319112e-02	8.446089e-02	5.367187e+01
1.312804e-02	8.405695e-02	5.375593e+01
1.311912e-02	8.399986e-02	5.383993e+01
1.309573e-02	8.385008e-02	5.392378e+01
1.306150e-02	8.363095e-02	5.400741e+01
1.304141e-02	8.350227e-02	5.409091e+01
1.303199e-02	8.344201e-02	5.417435e+01
1.301893e-02	8.335837e-02	5.425771e+01
1.300441e-02	8.326540e-02	5.434098e+01
1.298406e-02	8.313510e-02	5.442411e+01
1.295311e-02	8.293690e-02	5.450705e+01
1.294352e-02	8.287554e-02	5.458992e+01
1.291312e-02	8.268087e-02	5.467260e+01
1.289155e-02	8.254276e-02	5.475515e+01
1.286000e-02	8.234077e-02	5.483749e+01
1.283403e-02	8.217448e-02	5.491966e+01
1.282232e-02	8.209947e-02	5.500176e+01
1.278290e-02	8.184710e-02	5.508361e+01
1.276158e-02	8.171060e-02	5.516532e+01
1.273720e-02	8.155446e-02	5.524687e+01
1.271374e-02	8.140425e-02	5.532828e+01
1.270039e-02	8.131880e-02	5.540960e+01
1.269611e-02	8.129138e-02	5.549089e+01
1.265523e-02	8.102966e-02	5.557192e+01
1.264015e-02	8.093306e-02	5.565285e+01
1.262971e-02	8.086621e-02	5.573372e+01
1.260851e-02	8.073049e-02	5.581445e+01
1.258079e-02	8.055303e-02	5.589500e+01
1.255665e-02	8.039845e-02	5.597540e+01
1.254829e-02	8.034494e-02	5.605574e+01
1.253510e-02	8.026046e-02	5.613600e+01
1.248335e-02	7.992914e-02	5.621593e+01
1.247698e-02	7.988835e-02	5.629582e+01
1.245151e-02	7.972522e-02	5.637555e+01
1.241516e-02	7.949252e-02	5.645504e+01
1.237661e-02	7.924564e-02	5.653429e+01
1.232503e-02	7.891541e-02	5.661320e+01
1.231858e-02	7.887414e-02	5.669208e+01
1.231428e-02	7.884657e-02	5.677092e+01
1.227460e-02	7.859250e-02	5.684951e+01
1.225116e-02	7.844242e-02	5.692796e+01
1.222337e-02	7.826448e-02	5.700622e+01
1.221908e-02	7.823703e-02	5.708446e+01
1.218540e-02	7.802136e-02	5.716248e+01
1.217800e-02	7.797403e-02	5.724045e+01
1.213553e-02	7.770208e-02	5.731816e+01
1.210901e-02	7.753225e-02	5.739569e+01
1.210321e-02	7.749515e-02	5.747318e+01
1.208095e-02	7.735264e-02	5.755054e+01
1.205383e-02	7.717898e-02	5.762771e+01
1.203830e-02	7.707953e-02	5.770479e+01
1.202260e-02	7.697901e-02	5.778177e+01
1.198961e-02	7.676779e-02	5.785854e+01
1.198424e-02	7.673336e-02	5.793527e+01
1.195295e-02	7.653307e-02	5.801181e+01
1.194112e-02	7.645732e-02	5.808826e+01
1.191185e-02	7.626989e-02	5.816453e+01
1.188949e-02	7.612675e-02	5.824066e+01
1.187417e-02	7.602863e-02	5.831669e+01
1.186250e-02	7.595391e-02	5.839264e+01
1.183625e-02	7.578583e-02	5.846843e+01
1.182052e-02	7.568510e-02	5.854411e+01
1.179698e-02	7.553436e-02	5.861965e+01
1.178433e-02	7.545340e-02	5.869510e+01
1.177846e-02	7.541578e-02	5.877052e+01
1.173240e-02	7.512090e-02	5.884564e+01
1.170403e-02	7.493926e-02	5.892058e+01
1.169522e-02	7.488281e-02	5.899546e+01
1.167464e-02	7.475107e-02	5.907021e+01
1.167227e-02	7.473591e-02	5.914495e+01
1.165120e-02	7.460095e-02	5.921955e+01
1.163143e-02	7.447437e-02	5.929402e+01
1.160442e-02	7.430142e-02	5.936832e+01
1.158166e-02	7.415573e-02	5.944248e+01
1.156049e-02	7.402019e-02	5.951650e+01
1.153669e-02	7.386780e-02	5.959037e+01
1.152798e-02	7.381200e-02	5.966418e+01
1.151218e-02	7.371084e-02	5.973789e+01
1.149413e-02	7.359529e-02	5.981149e+01
1.147999e-02	7.350477e-02	5.988499e+01
1.143514e-02	7.321756e-02	5.995821e+01
1.142579e-02	7.315771e-02	6.003137e+01
1.138957e-02	7.292581e-02	6.010429e+01
1.136820e-02	7.278898e-02	6.017708e+01
1.134748e-02	7.265630e-02	6.024974e+01
1.132375e-02	7.250438e-02	6.032224e+01
1.131035e-02	7.241859e-02	6.039466e+01
1.130403e-02	7.237811e-02	6.046704e+01
1.127684e-02	7.220401e-02	6.053924e+01
1.126278e-02	7.211399e-02	6.061136e+01
1.123716e-02	7.194994e-02	6.068331e+01
1.121934e-02	7.183587e-02	6.075514e+01
1.119434e-02	7.167580e-02	6.082682e+01
1.117766e-02	7.156895e-02	6.089839e+01
1.116775e-02	7.150549e-02	6.096989e+01
1.115373e-02	7.141572e-02	6.104131e+01
1.112781e-02	7.124981e-02	6.111256e+01
1.111865e-02	7.119114e-02	6.118375e+01
1.110153e-02	7.108151e-02	6.125483e+01
1.109598e-02	7.104600e-02	6.132588e+01
1.107132e-02	7.088807e-02	6.139677e+01
1.104859e-02	7.074255e-02	6.146751e+01
1.103011e-02	7.062421e-02	6.153813e+01
1.102909e-02	7.061770e-02	6.160875e+01
1.099732e-02	7.041426e-02	6.167916e+01
1.097955e-02	7.030049e-02	6.174946e+01
1.094602e-02	7.008578e-02	6.181955e+01
1.093314e-02	7.000335e-02	6.188955e+01
1.089575e-02	6.976393e-02	6.195932e+01
1.088216e-02	6.967694e-02	6.202899e+01
1.086713e-02	6.958071e-02	6.209858e+01
1.085766e-02	6.952003e-02	6.216810e+01
1.082473e-02	6.930921e-02	6.223740e+01
1.081294e-02	6.923369e-02	6.230664e+01
1.079575e-02	6.912365e-02	6.237576e+01
1.078727e-02	6.906937e-02	6.244483e+01
1.074609e-02	6.880567e-02	6.251364e+01
1.073021e-02	6.870400e-02	6.258234e+01
1.071400e-02	6.860025e-02	6.265094e+01
1.070145e-02	6.851986e-02	6.271946e+01
1.068376e-02	6.840660e-02	6.278787e+01
1.067735e-02	6.836555e-02	6.285623e+01
1.065399e-02	6.821599e-02	6.292445e+01
1.062444e-02	6.802679e-02	6.299248e+01
1.060178e-02	6.788167e-02	6.306036e+01
1.059618e-02	6.784585e-02	6.312820e+01
1.058283e-02	6.776036e-02	6.319596e+01
1.056230e-02	6.762893e-02	6.326359e+01
1.054782e-02	6.753621e-02	6.333113e+01
1.052576e-02	6.739492e-02	6.339852e+01
1.050724e-02	6.727638e-02	6.346580e+01
1.048733e-02	6.714890e-02	6.353295e+01
1.046167e-02	6.698461e-02	6.359993e+01
1.044763e-02	6.689471e-02	6.366683e+01
1.044407e-02	6.687193e-02	6.373370e+01
1.043962e-02	6.684340e-02	6.380054e+01
1.040687e-02	6.663369e-02	6.386718e+01
1.037485e-02	6.642870e-02	6.393361e+01
1.036097e-02	6.633985e-02	6.399995e+01
1.035621e-02	6.630934e-02	6.406626e+01
1.033183e-02	6.615327e-02	6.413241e+01
1.032351e-02	6.609995e-02	6.419851e+01
1.029599e-02	6.592376e-02	6.426443e+01
1.028871e-02	6.587716e-02	6.433031e+01
1.027431e-02	6.578498e-02	6.439609e+01
1.024840e-02	6.561904e-02	6.446171e+01
1.023444e-02	6.552968e-02	6.452724e+01
1.021143e-02	6.538237e-02	6.459263e+01
1.020032e-02	6.531117e-02	6.465794e+01
1.016061e-02	6.505696e-02	6.472299e+01
1.013878e-02	6.491714e-02	6.478791e+01
1.012864e-02	6.485224e-02	6.485276e+01
1.011941e-02	6.479316e-02	6.491756e+01
1.009787e-02	6.465522e-02	6.498221e+01
1.008507e-02	6.457327e-02	6.504678e+01
1.006803e-02	6.446417e-02	6.511125e+01
1.005222e-02	6.436291e-02	6.517561e+01
1.003721e-02	6.426680e-02	6.523988e+01
1.002781e-02	6.420662e-02	6.530409e+01
9.996626e-03	6.400698e-02	6.536809e+01
9.975414e-03	6.387116e-02	6.543196e+01
9.951682e-03	6.371921e-02	6.549568e+01
9.947920e-03	6.369512e-02	6.555938e+01
9.943301e-03	6.366554e-02	6.562304e+01
9.924289e-03	6.354381e-02	6.568659e+01
9.907382e-03	6.343556e-02	6.575002e+01
9.875319e-03	6.323026e-02	6.581325e+01
9.873187e-03	6.321661e-02	6.587647e+01
9.841681e-03	6.301489e-02	6.593948e+01
9.831323e-03	6.294856e-02	6.600243e+01
9.816836e-03	6.285580e-02	6.606529e+01
9.809333e-03	6.280776e-02	6.612810e+01
9.800999e-03	6.275441e-02	6.619085e+01
9.764692e-03	6.252193e-02	6.625337e+01
9.750779e-03	6.243285e-02	6.631581e+01
9.728455e-03	6.228992e-02	6.637810e+01
9.721344e-03	6.224438e-02	6.644034e+01
9.697038e-03	6.208876e-02	6.650243e+01
9.692898e-03	6.206225e-02	6.656449e+01
9.654571e-03	6.181685e-02	6.662631e+01
9.650972e-03	6.179380e-02	6.668810e+01
9.643168e-03	6.174383e-02	6.674985e+01
9.621867e-03	6.160745e-02	6.681145e+01
9.607736e-03	6.151697e-02	6.687297e+01
9.600351e-03	6.146968e-02	6.693444e+01
9.577574e-03	6.132385e-02	6.699576e+01
9.554639e-03	6.117699e-02	6.705694e+01
9.534221e-03	6.104626e-02	6.711799e+01
9.517735e-03	6.094071e-02	6.717893e+01
9.507833e-03	6.087731e-02	6.723980e+01
9.495193e-03	6.079637e-02	6.730060e+01
9.476252e-03	6.067510e-02	6.736128e+01
9.454923e-03	6.053853e-02	6.742181e+01
9.444552e-03	6.047212e-02	6.748229e+01
9.430494e-03	6.038211e-02	6.754267e+01
9.418632e-03	6.030616e-02	6.760297e+01
9.411051e-03	6.025762e-02	6.766323e+01
9.382939e-03	6.007763e-02	6.772331e+01
9.376715e-03	6.003777e-02	6.778335e+01
9.351852e-03	5.987858e-02	6.784323e+01
9.334715e-03	5.976885e-02	6.790300e+01
9.328682e-03	5.973022e-02	6.796273e+01
9.305632e-03	5.958264e-02	6.802231e+01
9.293712e-03	5.950632e-02	6.808181e+01
9.288808e-03	5.947492e-02	6.814129e+01
9.262311e-03	5.930526e-02	6.820059e+01
9.246702e-03	5.920532e-02	6.825980e+01
9.234016e-03	5.912409e-02	6.831892e+01
9.224244e-03	5.906153e-02	6.837799e+01
9.209110e-03	5.896462e-02	6.843695e+01
9.201255e-03	5.891433e-02	6.849586e+01
9.176940e-03	5.875864e-02	6.855462e+01
9.168651e-03	5.870557e-02	6.861333e+01
9.150536e-03	5.858958e-02	6.867192e+01
9.144698e-03	5.855220e-02	6.873047e+01
9.121505e-03	5.840370e-02	6.878887e+01
9.102741e-03	5.828356e-02	6.884716e+01
9.090576e-03	5.820567e-02	6.890536e+01
9.086242e-03	5.817792e-02	6.896354e+01
9.061982e-03	5.802258e-02	6.902156e+01
9.049604e-03	5.794333e-02	6.907951e+01
9.038764e-03	5.787392e-02	6.913738e+01
9.014441e-03	5.771819e-02	6.919510e+01
9.001571e-03	5.763578e-02	6.925274e+01
8.995911e-03	5.759954e-02	6.931033e+01
8.985333e-03	5.753181e-02	6.936787e+01
8.971123e-03	5.744083e-02	6.942531e+01
8.946049e-03	5.728028e-02	6.948259e+01
8.933515e-03	5.720003e-02	6.953979e+01
8.923065e-03	5.713312e-02	6.959692e+01
8.902631e-03	5.700228e-02	6.965392e+01
8.900233e-03	5.698693e-02	6.971091e+01
8.881801e-03	5.686891e-02	6.976778e+01
8.872886e-03	5.681183e-02	6.982459e+01
8.842372e-03	5.661645e-02	6.988121e+01
8.828044e-03	5.652471e-02	6.993773e+01
8.816507e-03	5.645084e-02	6.999418e+01
8.797347e-03	5.632816e-02	7.005051e+01
8.780131e-03	5.621793e-02	7.010673e+01
8.761960e-03	5.610158e-02	7.016283e+01
8.755084e-03	5.605756e-02	7.021889e+01
8.741131e-03	5.596822e-02	7.027486e+01
8.737566e-03	5.594539e-02	7.033080e+01
8.724110e-03	5.585924e-02	7.038666e+01
8.703726e-03	5.572872e-02	7.044239e+01
8.698718e-03	5.569666e-02	7.049809e+01
8.678025e-03	5.556416e-02	7.055365e+01
8.671237e-03	5.552070e-02	7.060917e+01
8.651510e-03	5.539439e-02	7.066457e+01
8.648789e-03	5.537697e-02	7.071994e+01
8.626930e-03	5.523701e-02	7.077518e+01
8.611569e-03	5.513865e-02	7.083032e+01
8.594862e-03	5.503168e-02	7.088535e+01
8.583523e-03	5.495908e-02	7.094031e+01
8.577730e-03	5.492199e-02	7.099523e+01
8.547803e-03	5.473037e-02	7.104996e+01
8.528838e-03	5.460894e-02	7.110457e+01
8.512284e-03	5.450295e-02	7.115907e+01
8.505815e-03	5.446152e-02	7.121353e+01
8.492476e-03	5.437612e-02	7.126791e+01
8.475596e-03	5.426804e-02	7.132218e+01
8.466365e-03	5.420893e-02	7.137639e+01
8.452685e-03	5.412134e-02	7.143051e+01
8.434750e-03	5.400650e-02	7.148452e+01
8.417001e-03	5.389286e-02	7.153841e+01
8.409885e-03	5.384730e-02	7.159226e+01
8.405055e-03	5.381637e-02	7.164607e+01
8.390598e-03	5.372381e-02	7.169980e+01
8.378294e-03	5.364503e-02	7.175344e+01
8.375728e-03	5.362859e-02	7.180707e+01
8.348758e-03	5.345591e-02	7.186053e+01
8.316508e-03	5.324942e-02	7.191377e+01
8.312236e-03	5.322206e-02	7.196700e+01
8.300391e-03	5.314622e-02	7.202014e+01
8.284989e-03	5.304761e-02	7.207319e+01
8.274451e-03	5.298014e-02	7.212617e+01
8.257173e-03	5.286951e-02	7.217904e+01
8.246090e-03	5.279854e-02	7.223184e+01
8.237659e-03	5.274456e-02	7.228458e+01
8.217595e-03	5.261610e-02	7.233720e+01
8.201883e-03	5.251549e-02	7.238972e+01
8.193583e-03	5.246235e-02	7.244218e+01
8.189278e-03	5.243478e-02	7.249461e+01
8.173817e-03	5.233579e-02	7.254695e+01
8.146653e-03	5.216186e-02	7.259911e+01
8.145893e-03	5.215699e-02	7.265127e+01
8.140754e-03	5.212409e-02	7.270339e+01
8.112666e-03	5.194425e-02	7.275534e+01
8.106141e-03	5.190247e-02	7.280724e+01
8.087763e-03	5.178480e-02	7.285902e+01
8.079536e-03	5.173212e-02	7.291075e+01
8.067844e-03	5.165726e-02	7.296241e+01
8.055169e-03	5.157610e-02	7.301399e+01
8.048947e-03	5.153626e-02	7.306552e+01
8.028630e-03	5.140618e-02	7.311693e+01
8.018080e-03	5.133863e-02	7.316827e+01
8.004480e-03	5.125155e-02	7.321952e+01
7.992973e-03	5.117787e-02	7.327070e+01
7.974854e-03	5.106186e-02	7.332176e+01
7.971831e-03	5.104250e-02	7.337280e+01
7.954078e-03	5.092883e-02	7.342373e+01
7.938555e-03	5.082944e-02	7.347456e+01
7.933750e-03	5.079868e-02	7.352536e+01
7.912966e-03	5.066560e-02	7.357603e+01
7.895833e-03	5.055590e-02	7.362658e+01
7.881003e-03	5.046094e-02	7.367704e+01
7.858911e-03	5.031949e-02	7.372736e+01
7.850092e-03	5.026302e-02	7.377762e+01
7.841237e-03	5.020632e-02	7.382783e+01
7.835040e-03	5.016665e-02	7.387800e+01
7.823298e-03	5.009147e-02	7.392809e+01
7.811161e-03	5.001375e-02	7.397810e+01
7.800989e-03	4.994863e-02	7.402805e+01
7.782651e-03	4.983121e-02	7.407788e+01
7.760170e-03	4.968726e-02	7.412757e+01
7.747734e-03	4.960764e-02	7.417718e+01
7.727809e-03	4.948006e-02	7.422666e+01
7.720258e-03	4.943171e-02	7.427609e+01
7.705660e-03	4.933825e-02	7.432543e+01
7.699081e-03	4.929612e-02	7.437472e+01
7.677126e-03	4.915555e-02	7.442388e+01
7.669376e-03	4.910593e-02	7.447299e+01
7.654606e-03	4.901135e-02	7.452200e+01
7.649566e-03	4.897908e-02	7.457098e+01
7.633209e-03	4.887435e-02	7.461985e+01
7.628829e-03	4.884631e-02	7.466870e+01
7.604477e-03	4.869038e-02	7.471739e+01
7.602689e-03	4.867894e-02	7.476607e+01
7.593243e-03	4.861846e-02	7.481468e+01
7.575415e-03	4.850431e-02	7.486319e+01
7.562382e-03	4.842086e-02	7.491161e+01
7.541627e-03	4.828797e-02	7.495990e+01
7.535131e-03	4.824637e-02	7.500814e+01
7.519693e-03	4.814753e-02	7.505629e+01
7.517952e-03	4.813638e-02	7.510443e+01
7.502728e-03	4.803890e-02	7.515247e+01
7.485926e-03	4.793132e-02	7.520040e+01
7.484378e-03	4.792141e-02	7.524832e+01
7.460383e-03	4.776777e-02	7.529609e+01
7.453536e-03	4.772393e-02	7.534381e+01
7.442974e-03	4.765630e-02	7.539147e+01
7.426049e-03	4.754794e-02	7.543902e+01
7.413131e-03	4.746523e-02	7.548648e+01
7.399445e-03	4.737760e-02	7.553386e+01
7.390877e-03	4.732273e-02	7.558118e+01
7.381224e-03	4.726093e-02	7.562844e+01
7.368489e-03	4.717939e-02	7.567562e+01
7.349161e-03	4.705564e-02	7.572268e+01
7.334190e-03	4.695978e-02	7.576964e+01
7.325246e-03	4.690251e-02	7.581654e+01
7.300844e-03	4.674627e-02	7.586329e+01
7.280323e-03	4.661487e-02	7.590990e+01
7.279502e-03	4.660962e-02	7.595651e+01
7.265759e-03	4.652162e-02	7.600303e+01
7.264132e-03	4.651121e-02	7.604954e+01
7.249625e-03	4.641832e-02	7.609596e+01
7.239562e-03	4.635388e-02	7.614231e+01
7.224095e-03	4.625486e-02	7.618857e+01
7.208812e-03	4.615700e-02	7.623473e+01
7.197022e-03	4.608151e-02	7.628081e+01
7.186424e-03	4.601365e-02	7.632682e+01
7.175872e-03	4.594609e-02	7.637277e+01
7.158878e-03	4.583728e-02	7.641861e+01
7.153503e-03	4.580286e-02	7.646441e+01
7.139682e-03	4.571437e-02	7.651012e+01
7.135675e-03	4.568872e-02	7.655581e+01
7.109660e-03	4.552214e-02	7.660133e+01
7.107893e-03	4.551083e-02	7.664684e+01
7.101673e-03	4.547100e-02	7.669232e+01
7.078386e-03	4.532190e-02	7.673764e+01
7.071665e-03	4.527886e-02	7.678292e+01
7.068772e-03	4.526035e-02	7.682818e+01
7.056363e-03	4.518089e-02	7.687336e+01
7.045514e-03	4.511142e-02	7.691847e+01
7.030112e-03	4.501281e-02	7.696348e+01
7.019475e-03	4.494470e-02	7.700843e+01
7.007624e-03	4.486882e-02	7.705329e+01
6.994462e-03	4.478455e-02	7.709808e+01
6.978858e-03	4.468463e-02	7.714276e+01
6.970114e-03	4.462865e-02	7.718739e+01
6.959945e-03	4.456354e-02	7.723196e+01
6.949143e-03	4.449437e-02	7.727645e+01
6.939844e-03	4.443483e-02	7.732089e+01
6.925361e-03	4.434210e-02	7.736523e+01
6.912752e-03	4.426137e-02	7.740949e+01
6.903778e-03	4.420391e-02	7.745369e+01
6.890576e-03	4.411938e-02	7.749781e+01
6.877697e-03	4.403692e-02	7.754185e+01
6.872460e-03	4.400339e-02	7.758585e+01
6.870059e-03	4.398801e-02	7.762984e+01
6.851928e-03	4.387192e-02	7.767371e+01
6.844647e-03	4.382530e-02	7.771754e+01
6.838208e-03	4.378407e-02	7.776132e+01
6.830015e-03	4.373162e-02	7.780505e+01
6.822945e-03	4.368635e-02	7.784874e+01
6.816613e-03	4.364581e-02	7.789239e+01
6.795720e-03	4.351203e-02	7.793590e+01
6.791538e-03	4.348525e-02	7.797938e+01
6.770904e-03	4.335314e-02	7.802274e+01
6.760856e-03	4.328880e-02	7.806602e+01
6.756611e-03	4.326162e-02	7.810929e+01
6.741762e-03	4.316655e-02	7.815245e+01
6.734516e-03	4.312015e-02	7.819557e+01
6.715236e-03	4.299670e-02	7.823857e+01
6.695575e-03	4.287081e-02	7.828144e+01
6.691703e-03	4.284602e-02	7.832429e+01
6.685297e-03	4.280501e-02	7.836709e+01
6.656303e-03	4.261936e-02	7.840971e+01
6.645753e-03	4.255181e-02	7.845226e+01
6.641093e-03	4.252198e-02	7.849478e+01
6.637773e-03	4.250072e-02	7.853729e+01
6.625239e-03	4.242046e-02	7.857971e+01
6.618275e-03	4.237587e-02	7.862208e+01
6.601076e-03	4.226575e-02	7.866435e+01
6.600211e-03	4.226021e-02	7.870661e+01
6.586244e-03	4.217079e-02	7.874878e+01
6.572088e-03	4.208014e-02	7.879086e+01
6.569165e-03	4.206143e-02	7.883292e+01
6.561860e-03	4.201466e-02	7.887493e+01
6.551384e-03	4.194758e-02	7.891688e+01
6.548589e-03	4.192968e-02	7.895881e+01
6.529568e-03	4.180790e-02	7.900062e+01
6.515528e-03	4.171800e-02	7.904234e+01
6.503072e-03	4.163825e-02	7.908398e+01
6.486703e-03	4.153344e-02	7.912551e+01
6.482788e-03	4.150837e-02	7.916702e+01
6.470145e-03	4.142742e-02	7.920845e+01
6.463706e-03	4.138619e-02	7.924983e+01
6.451924e-03	4.131076e-02	7.929114e+01
6.440785e-03	4.123943e-02	7.933238e+01
6.438360e-03	4.122391e-02	7.937361e+01
6.427826e-03	4.115646e-02	7.941476e+01
6.412601e-03	4.105897e-02	7.945582e+01
6.411155e-03	4.104971e-02	7.949687e+01
6.394290e-03	4.094173e-02	7.953781e+01
6.389233e-03	4.090935e-02	7.957872e+01
6.381208e-03	4.085797e-02	7.961958e+01
6.363097e-03	4.074201e-02	7.966032e+01
6.347743e-03	4.064369e-02	7.970097e+01
6.345983e-03	4.063243e-02	7.974160e+01
6.330194e-03	4.053133e-02	7.978213e+01
6.317755e-03	4.045169e-02	7.982258e+01
6.307696e-03	4.038728e-02	7.986297e+01
6.302109e-03	4.035151e-02	7.990332e+01
6.279838e-03	4.020891e-02	7.994353e+01
6.270823e-03	4.015119e-02	7.998368e+01
6.267263e-03	4.012840e-02	8.002381e+01
6.256123e-03	4.005707e-02	8.006387e+01
6.250966e-03	4.002404e-02	8.010389e+01
6.219319e-03	3.982142e-02	8.014371e+01
6.209089e-03	3.975592e-02	8.018347e+01
6.202164e-03	3.971157e-02	8.022318e+01
6.190730e-03	3.963836e-02	8.026282e+01
6.185111e-03	3.960239e-02	8.030242e+01
6.178800e-03	3.956198e-02	8.034198e+01
6.165401e-03	3.947619e-02	8.038146e+01
6.160200e-03	3.944288e-02	8.042090e+01
6.155639e-03	3.941368e-02	8.046031e+01
6.147368e-03	3.936072e-02	8.049967e+01
6.137980e-03	3.930061e-02	8.053898e+01
6.133308e-03	3.927070e-02	8.057825e+01
6.116326e-03	3.916197e-02	8.061741e+01
6.107528e-03	3.910564e-02	8.065651e+01
6.089056e-03	3.898736e-02	8.069550e+01
6.082082e-03	3.894271e-02	8.073444e+01
6.075328e-03	3.889946e-02	8.077334e+01
6.067336e-03	3.884829e-02	8.081219e+01
6.054581e-03	3.876662e-02	8.085096e+01
6.038278e-03	3.866223e-02	8.088962e+01
6.037301e-03	3.865598e-02	8.092828e+01
6.012981e-03	3.850026e-02	8.096678e+01
6.002485e-03	3.843306e-02	8.100521e+01
5.991726e-03	3.836417e-02	8.104357e+01
5.982346e-03	3.830411e-02	8.108188e+01
5.972935e-03	3.824385e-02	8.112012e+01
5.962595e-03	3.817765e-02	8.115830e+01
5.956751e-03	3.814023e-02	8.119644e+01
5.942687e-03	3.805018e-02	8.123449e+01
5.929833e-03	3.796788e-02	8.127246e+01
5.923442e-03	3.792696e-02	8.131038e+01
5.920678e-03	3.790926e-02	8.134829e+01
5.917335e-03	3.788786e-02	8.138618e+01
5.908531e-03	3.783148e-02	8.142401e+01
5.907351e-03	3.782393e-02	8.146184e+01
5.886181e-03	3.768838e-02	8.149953e+01
5.876778e-03	3.762817e-02	8.153715e+01
5.857606e-03	3.750542e-02	8.157466e+01
5.851461e-03	3.746607e-02	8.161213e+01
5.843798e-03	3.741701e-02	8.164954e+01
5.826970e-03	3.730926e-02	8.168685e+01
5.811603e-03	3.721087e-02	8.172406e+01
5.808527e-03	3.719118e-02	8.176125e+01
5.805176e-03	3.716972e-02	8.179842e+01
5.799810e-03	3.713536e-02	8.183556e+01
5.781812e-03	3.702012e-02	8.187258e+01
5.772862e-03	3.696281e-02	8.190954e+01
5.769825e-03	3.694337e-02	8.194648e+01
5.759753e-03	3.687888e-02	8.198336e+01
5.750306e-03	3.681839e-02	8.202018e+01
5.728886e-03	3.668124e-02	8.205686e+01
5.725102e-03	3.665701e-02	8.209352e+01
5.713351e-03	3.658178e-02	8.213010e+01
5.710510e-03	3.656358e-02	8.216667e+01
5.705628e-03	3.653233e-02	8.220320e+01
5.694738e-03	3.646260e-02	8.223966e+01
5.691039e-03	3.643891e-02	8.227610e+01
5.672982e-03	3.632330e-02	8.231242e+01
5.660625e-03	3.624418e-02	8.234867e+01
5.648053e-03	3.616368e-02	8.238483e+01
5.644741e-03	3.614247e-02	8.242097e+01
5.634800e-03	3.607882e-02	8.245705e+01
5.622408e-03	3.599948e-02	8.249305e+01
5.613708e-03	3.594377e-02	8.252900e+01
5.603392e-03	3.587772e-02	8.256487e+01
5.602108e-03	3.586950e-02	8.260074e+01
5.590785e-03	3.579700e-02	8.263654e+01
5.581019e-03	3.573447e-02	8.267227e+01
5.576581e-03	3.570606e-02	8.270798e+01
5.572045e-03	3.567701e-02	8.274366e+01
5.562865e-03	3.561823e-02	8.277928e+01
5.555114e-03	3.556861e-02	8.281484e+01
5.547234e-03	3.551815e-02	8.285036e+01
5.538246e-03	3.546060e-02	8.288582e+01
5.532723e-03	3.542524e-02	8.292125e+01
5.523655e-03	3.536718e-02	8.295662e+01
5.501867e-03	3.522767e-02	8.299184e+01
5.498240e-03	3.520445e-02	8.302705e+01
5.486096e-03	3.512669e-02	8.306217e+01
5.473736e-03	3.504755e-02	8.309722e+01
5.467239e-03	3.500595e-02	8.313223e+01
5.462537e-03	3.497585e-02	8.316720e+01
5.447106e-03	3.487705e-02	8.320208e+01
5.435021e-03	3.479967e-02	8.323688e+01
5.424330e-03	3.473121e-02	8.327161e+01
5.421965e-03	3.471607e-02	8.330633e+01
5.416760e-03	3.468275e-02	8.334101e+01
5.405435e-03	3.461023e-02	8.337562e+01
5.398143e-03	3.456354e-02	8.341018e+01
5.390419e-03	3.451409e-02	8.344470e+01
5.377699e-03	3.443264e-02	8.347913e+01
5.370472e-03	3.438637e-02	8.351352e+01
5.361297e-03	3.432762e-02	8.354784e+01
5.354085e-03	3.428144e-02	8.358213e+01
5.350309e-03	3.425727e-02	8.361638e+01
5.343894e-03	3.421620e-02	8.365060e+01
5.334903e-03	3.415863e-02	8.368476e+01
5.325546e-03	3.409871e-02	8.371886e+01
5.310028e-03	3.399935e-02	8.375286e+01
5.302345e-03	3.395016e-02	8.378681e+01
5.297587e-03	3.391970e-02	8.382073e+01
5.286419e-03	3.384819e-02	8.385457e+01
5.272866e-03	3.376141e-02	8.388834e+01
5.256232e-03	3.365490e-02	8.392199e+01
5.250040e-03	3.361526e-02	8.395561e+01
5.238061e-03	3.353856e-02	8.398914e+01
5.221618e-03	3.343328e-02	8.402258e+01
5.219137e-03	3.341740e-02	8.405599e+01
5.210504e-03	3.336212e-02	8.408936e+01
5.202000e-03	3.330767e-02	8.412266e+01
5.192980e-03	3.324991e-02	8.415591e+01
5.189170e-03	3.322552e-02	8.418914e+01
5.179017e-03	3.316051e-02	8.422230e+01
5.172281e-03	3.311738e-02	8.425542e+01
5.166157e-03	3.307817e-02	8.428850e+01
5.150719e-03	3.297932e-02	8.432148e+01
5.145692e-03	3.294714e-02	8.435442e+01
5.141063e-03	3.291750e-02	8.438734e+01
5.126992e-03	3.282740e-02	8.442017e+01
5.121816e-03	3.279426e-02	8.445296e+01
5.115330e-03	3.275273e-02	8.448571e+01
5.111785e-03	3.273004e-02	8.451844e+01
5.099428e-03	3.265092e-02	8.455110e+01
5.090125e-03	3.259135e-02	8.458369e+01
5.083609e-03	3.254962e-02	8.461624e+01
5.076531e-03	3.250430e-02	8.464874e+01
5.069539e-03	3.245954e-02	8.468120e+01
5.060873e-03	3.240405e-02	8.471360e+01
5.055081e-03	3.236696e-02	8.474597e+01
5.038595e-03	3.226141e-02	8.477823e+01
5.031121e-03	3.221355e-02	8.481045e+01
5.024406e-03	3.217056e-02	8.484262e+01
5.022729e-03	3.215982e-02	8.487478e+01
5.010114e-03	3.207905e-02	8.490686e+01
5.000018e-03	3.201441e-02	8.493887e+01
4.988999e-03	3.194385e-02	8.497081e+01
4.980182e-03	3.188740e-02	8.500270e+01
4.977296e-03	3.186892e-02	8.503457e+01
4.961340e-03	3.176675e-02	8.506634e+01
4.956313e-03	3.173457e-02	8.509807e+01
4.950558e-03	3.169772e-02	8.512977e+01
4.939694e-03	3.162816e-02	8.516140e+01
4.933862e-03	3.159082e-02	8.519299e+01
4.928987e-03	3.155960e-02	8.522455e+01
4.925479e-03	3.153714e-02	8.525609e+01
4.907410e-03	3.142145e-02	8.528751e+01
4.894028e-03	3.133577e-02	8.531884e+01
4.889947e-03	3.130963e-02	8.535015e+01
4.885694e-03	3.128241e-02	8.538143e+01
4.871249e-03	3.118991e-02	8.541262e+01
4.858227e-03	3.110654e-02	8.544373e+01
4.851307e-03	3.106223e-02	8.547479e+01
4.846619e-03	3.103221e-02	8.550583e+01
4.833602e-03	3.094886e-02	8.553677e+01
4.825032e-03	3.089400e-02	8.556767e+01
4.813332e-03	3.081908e-02	8.559849e+01
4.804715e-03	3.076391e-02	8.562925e+01
4.798413e-03	3.072356e-02	8.565997e+01
4.792859e-03	3.068800e-02	8.569066e+01
4.780557e-03	3.060923e-02	8.572127e+01
4.773246e-03	3.056242e-02	8.575183e+01
4.766300e-03	3.051794e-02	8.578235e+01
4.760178e-03	3.047874e-02	8.581283e+01
4.754041e-03	3.043945e-02	8.584327e+01
4.746676e-03	3.039229e-02	8.587366e+01
4.728662e-03	3.027695e-02	8.590394e+01
4.725666e-03	3.025777e-02	8.593420e+01
4.720617e-03	3.022544e-02	8.596442e+01
4.711358e-03	3.016615e-02	8.599459e+01
4.707133e-03	3.013910e-02	8.602473e+01
4.701247e-03	3.010142e-02	8.605483e+01
4.690692e-03	3.003384e-02	8.608486e+01
4.679846e-03	2.996439e-02	8.611483e+01
4.679211e-03	2.996032e-02	8.614479e+01
4.674255e-03	2.992859e-02	8.617472e+01
4.653854e-03	2.979797e-02	8.620451e+01
4.645258e-03	2.974293e-02	8.623426e+01
4.635179e-03	2.967839e-02	8.626394e+01
4.633131e-03	2.966528e-02	8.629360e+01
4.628393e-03	2.963494e-02	8.632324e+01
4.620786e-03	2.958624e-02	8.635282e+01
4.607206e-03	2.949929e-02	8.638232e+01
4.603939e-03	2.947837e-02	8.641180e+01
4.599361e-03	2.944905e-02	8.644125e+01
4.591552e-03	2.939906e-02	8.647065e+01
4.586041e-03	2.936377e-02	8.650001e+01
4.576171e-03	2.930057e-02	8.652931e+01
4.563454e-03	2.921915e-02	8.655853e+01
4.558008e-03	2.918428e-02	8.658772e+01
4.551060e-03	2.913979e-02	8.661686e+01
4.546451e-03	2.911028e-02	8.664597e+01
4.535400e-03	2.903952e-02	8.667501e+01
4.528010e-03	2.899221e-02	8.670400e+01
4.515920e-03	2.891479e-02	8.673291e+01
4.507890e-03	2.886338e-02	8.676178e+01
4.501479e-03	2.882233e-02	8.679060e+01
4.497200e-03	2.879494e-02	8.681939e+01
4.489012e-03	2.874250e-02	8.684814e+01
4.480545e-03	2.868829e-02	8.687682e+01
4.476827e-03	2.866448e-02	8.690549e+01
4.463703e-03	2.858046e-02	8.693407e+01
4.453154e-03	2.851291e-02	8.696258e+01
4.445325e-03	2.846279e-02	8.699104e+01
4.443471e-03	2.845091e-02	8.701950e+01
4.440263e-03	2.843038e-02	8.704793e+01
4.424325e-03	2.832833e-02	8.707625e+01
4.418952e-03	2.829392e-02	8.710455e+01
4.412331e-03	2.825153e-02	8.713280e+01
4.410353e-03	2.823886e-02	8.716104e+01
4.402077e-03	2.818587e-02	8.718922e+01
4.390040e-03	2.810880e-02	8.721733e+01
4.382206e-03	2.805864e-02	8.724539e+01
4.380502e-03	2.804773e-02	8.727344e+01
4.375330e-03	2.801461e-02	8.730145e+01
4.367704e-03	2.796579e-02	8.732942e+01
4.351801e-03	2.786396e-02	8.735728e+01
4.342784e-03	2.780623e-02	8.738509e+01
4.337173e-03	2.777030e-02	8.741286e+01
4.333272e-03	2.774532e-02	8.744061e+01
4.323203e-03	2.768085e-02	8.746829e+01
4.313253e-03	2.761715e-02	8.749590e+01
4.309765e-03	2.759482e-02	8.752350e+01
4.299666e-03	2.753015e-02	8.755103e+01
4.286546e-03	2.744614e-02	8.757847e+01
4.281661e-03	2.741487e-02	8.760589e+01
4.271719e-03	2.735121e-02	8.763324e+01
4.267931e-03	2.732696e-02	8.766057e+01
4.251622e-03	2.722253e-02	8.768779e+01
4.247031e-03	2.719314e-02	8.771498e+01
4.238899e-03	2.714107e-02	8.774212e+01
4.232258e-03	2.709855e-02	8.776922e+01
4.225217e-03	2.705346e-02	8.779628e+01
4.216896e-03	2.700019e-02	8.782328e+01
4.211773e-03	2.696739e-02	8.785024e+01
4.205243e-03	2.692558e-02	8.787717e+01
4.194269e-03	2.685531e-02	8.790403e+01
4.190312e-03	2.682997e-02	8.793086e+01
4.182383e-03	2.677920e-02	8.795763e+01
4.173579e-03	2.672283e-02	8.798436e+01
4.169811e-03	2.669871e-02	8.801106e+01
4.156114e-03	2.661100e-02	8.803767e+01
4.151195e-03	2.657951e-02	8.806425e+01
4.145249e-03	2.654144e-02	8.809079e+01
4.140405e-03	2.651042e-02	8.811730e+01
4.133660e-03	2.646724e-02	8.814377e+01
4.127810e-03	2.642978e-02	8.817020e+01
4.121468e-03	2.638918e-02	8.819658e+01
4.117284e-03	2.636239e-02	8.822295e+01
4.097930e-03	2.623846e-02	8.824919e+01
4.097185e-03	2.623369e-02	8.827542e+01
4.088684e-03	2.617926e-02	8.830160e+01
4.077859e-03	2.610995e-02	8.832771e+01
4.071634e-03	2.607009e-02	8.835378e+01
4.070176e-03	2.606076e-02	8.837984e+01
4.063494e-03	2.601797e-02	8.840586e+01
4.056076e-03	2.597048e-02	8.843183e+01
4.043829e-03	2.589206e-02	8.845772e+01
4.041223e-03	2.587537e-02	8.848359e+01
4.037133e-03	2.584919e-02	8.850944e+01
4.030747e-03	2.580830e-02	8.853525e+01
4.024023e-03	2.576525e-02	8.856102e+01
4.017035e-03	2.572050e-02	8.858674e+01
4.004499e-03	2.564024e-02	8.861238e+01
3.997552e-03	2.559576e-02	8.863797e+01
3.992979e-03	2.556647e-02	8.866354e+01
3.981102e-03	2.549043e-02	8.868903e+01
3.974646e-03	2.544909e-02	8.871448e+01
3.970896e-03	2.542508e-02	8.873991e+01
3.969278e-03	2.541472e-02	8.876532e+01
3.957820e-03	2.534136e-02	8.879066e+01
3.946550e-03	2.526920e-02	8.881593e+01
3.936193e-03	2.520288e-02	8.884113e+01
3.933016e-03	2.518254e-02	8.886632e+01
3.929746e-03	2.516161e-02	8.889148e+01
3.925174e-03	2.513233e-02	8.891661e+01
3.917703e-03	2.508450e-02	8.894169e+01
3.907768e-03	2.502088e-02	8.896672e+01
3.897060e-03	2.495232e-02	8.899167e+01
3.888991e-03	2.490065e-02	8.901657e+01
3.879060e-03	2.483707e-02	8.904141e+01
3.874161e-03	2.480570e-02	8.906621e+01
3.859165e-03	2.470968e-02	8.909092e+01
3.856321e-03	2.469148e-02	8.911561e+01
3.852066e-03	2.466423e-02	8.914028e+01
3.850880e-03	2.465664e-02	8.916493e+01
3.841562e-03	2.459697e-02	8.918953e+01
3.838717e-03	2.457876e-02	8.921411e+01
3.835916e-03	2.456083e-02	8.923867e+01
3.820414e-03	2.446157e-02	8.926313e+01
3.813083e-03	2.441463e-02	8.928755e+01
3.808572e-03	2.438575e-02	8.931193e+01
3.799021e-03	2.432459e-02	8.933626e+01
3.791547e-03	2.427674e-02	8.936053e+01
3.787471e-03	2.425064e-02	8.938478e+01
3.784001e-03	2.422842e-02	8.940901e+01
3.782428e-03	2.421835e-02	8.943323e+01
3.775753e-03	2.417561e-02	8.945741e+01
3.770695e-03	2.414322e-02	8.948155e+01
3.756464e-03	2.405210e-02	8.950560e+01
3.750716e-03	2.401530e-02	8.952962e+01
3.749817e-03	2.400955e-02	8.955363e+01
3.740943e-03	2.395273e-02	8.957758e+01
3.732808e-03	2.390064e-02	8.960148e+01
3.725809e-03	2.385582e-02	8.962534e+01
3.720933e-03	2.382460e-02	8.964916e+01
3.712993e-03	2.377377e-02	8.967293e+01
3.706947e-03	2.373506e-02	8.969667e+01
3.697411e-03	2.367400e-02	8.972034e+01
3.693833e-03	2.365108e-02	8.974399e+01
3.685628e-03	2.359855e-02	8.976759e+01
3.679891e-03	2.356182e-02	8.979115e+01
3.673703e-03	2.352220e-02	8.981468e+01
3.658240e-03	2.342319e-02	8.983810e+01
3.654552e-03	2.339958e-02	8.986150e+01
3.651558e-03	2.338041e-02	8.988488e+01
3.646962e-03	2.335098e-02	8.990823e+01
3.641438e-03	2.331561e-02	8.993155e+01
3.631997e-03	2.325516e-02	8.995480e+01
3.627039e-03	2.322342e-02	8.997802e+01
3.621490e-03	2.318789e-02	9.000121e+01
3.613309e-03	2.313550e-02	9.002435e+01
3.607722e-03	2.309973e-02	9.004745e+01
3.602014e-03	2.306319e-02	9.007051e+01
3.600083e-03	2.305082e-02	9.009356e+01
3.591195e-03	2.299391e-02	9.011656e+01
3.586427e-03	2.296338e-02	9.013952e+01
3.572980e-03	2.287728e-02	9.016240e+01
3.570108e-03	2.285889e-02	9.018526e+01
3.561508e-03	2.280383e-02	9.020806e+01
3.559685e-03	2.279216e-02	9.023085e+01
3.554726e-03	2.276041e-02	9.025361e+01
3.544420e-03	2.269442e-02	9.027631e+01
3.539712e-03	2.266427e-02	9.029897e+01
3.529416e-03	2.259835e-02	9.032157e+01
3.524981e-03	2.256995e-02	9.034414e+01
3.518900e-03	2.253102e-02	9.036667e+01
3.513491e-03	2.249638e-02	9.038917e+01
3.510247e-03	2.247561e-02	9.041164e+01
3.505029e-03	2.244220e-02	9.043408e+01
3.499848e-03	2.240903e-02	9.045649e+01
3.491725e-03	2.235702e-02	9.047885e+01
3.490783e-03	2.235099e-02	9.050120e+01
3.486588e-03	2.232413e-02	9.052353e+01
3.480202e-03	2.228324e-02	9.054581e+01
3.466208e-03	2.219364e-02	9.056800e+01
3.458177e-03	2.214222e-02	9.059014e+01
3.450189e-03	2.209107e-02	9.061224e+01
3.443510e-03	2.204831e-02	9.063428e+01
3.440947e-03	2.203190e-02	9.065632e+01
3.434455e-03	2.199033e-02	9.067831e+01
3.424484e-03	2.192648e-02	9.070023e+01
3.421997e-03	2.191056e-02	9.072214e+01
3.414965e-03	2.186554e-02	9.074401e+01
3.402976e-03	2.178877e-02	9.076580e+01
3.398551e-03	2.176044e-02	9.078756e+01
3.392604e-03	2.172236e-02	9.080928e+01
3.386913e-03	2.168592e-02	9.083097e+01
3.384661e-03	2.167151e-02	9.085264e+01
3.377276e-03	2.162422e-02	9.087426e+01
3.373174e-03	2.159795e-02	9.089586e+01
3.365280e-03	2.154741e-02	9.091741e+01
3.362255e-03	2.152804e-02	9.093894e+01
3.352474e-03	2.146542e-02	9.096040e+01
3.340463e-03	2.138851e-02	9.098179e+01
3.337268e-03	2.136805e-02	9.100316e+01
3.332397e-03	2.133686e-02	9.102449e+01
3.325584e-03	2.129324e-02	9.104579e+01
3.321749e-03	2.126869e-02	9.106706e+01
3.316462e-03	2.123483e-02	9.108829e+01
3.309988e-03	2.119338e-02	9.110948e+01
3.304680e-03	2.115940e-02	9.113064e+01
3.298068e-03	2.111706e-02	9.115176e+01
3.291727e-03	2.107646e-02	9.117284e+01
3.287038e-03	2.104644e-02	9.119388e+01
3.282306e-03	2.101614e-02	9.121490e+01
3.278760e-03	2.099344e-02	9.123589e+01
3.273395e-03	2.095908e-02	9.125685e+01
3.271060e-03	2.094413e-02	9.127780e+01
3.263442e-03	2.089536e-02	9.129869e+01
3.253384e-03	2.083096e-02	9.131952e+01
3.248431e-03	2.079924e-02	9.134032e+01
3.246724e-03	2.078832e-02	9.136111e+01
3.230543e-03	2.068471e-02	9.138179e+01
3.225550e-03	2.065274e-02	9.140245e+01
3.218017e-03	2.060451e-02	9.142305e+01
3.205430e-03	2.052391e-02	9.144358e+01
3.199213e-03	2.048411e-02	9.146406e+01
3.197315e-03	2.047195e-02	9.148453e+01
3.191935e-03	2.043751e-02	9.150497e+01
3.183387e-03	2.038278e-02	9.152535e+01
3.179124e-03	2.035548e-02	9.154571e+01
3.175207e-03	2.033040e-02	9.156604e+01
3.168086e-03	2.028480e-02	9.158632e+01
3.161416e-03	2.024210e-02	9.160657e+01
3.156906e-03	2.021322e-02	9.162678e+01
3.152715e-03	2.018638e-02	9.164696e+01
3.150437e-03	2.017180e-02	9.166714e+01
3.139707e-03	2.010310e-02	9.168724e+01
3.136145e-03	2.008029e-02	9.170732e+01
3.129780e-03	2.003953e-02	9.172736e+01
3.123678e-03	2.000047e-02	9.174736e+01
3.115557e-03	1.994847e-02	9.176731e+01
3.112482e-03	1.992878e-02	9.178724e+01
3.108008e-03	1.990013e-02	9.180714e+01
3.095498e-03	1.982004e-02	9.182696e+01
3.090961e-03	1.979099e-02	9.184675e+01
3.086840e-03	1.976460e-02	9.186651e+01
3.077904e-03	1.970738e-02	9.188622e+01
3.072826e-03	1.967487e-02	9.190590e+01
3.068585e-03	1.964771e-02	9.192554e+01
3.067959e-03	1.964371e-02	9.194519e+01
3.062970e-03	1.961176e-02	9.196480e+01
3.057773e-03	1.957849e-02	9.198438e+01
3.052124e-03	1.954231e-02	9.200392e+01
3.042911e-03	1.948333e-02	9.202340e+01
3.040851e-03	1.947014e-02	9.204287e+01
3.036782e-03	1.944409e-02	9.206232e+01
3.028085e-03	1.938840e-02	9.208170e+01
3.020987e-03	1.934295e-02	9.210105e+01
3.019798e-03	1.933533e-02	9.212038e+01
3.011544e-03	1.928249e-02	9.213967e+01
3.008087e-03	1.926036e-02	9.215893e+01
3.002959e-03	1.922752e-02	9.217815e+01
2.999483e-03	1.920527e-02	9.219736e+01
2.989260e-03	1.913981e-02	9.221650e+01
2.984598e-03	1.910995e-02	9.223561e+01
2.979337e-03	1.907627e-02	9.225468e+01
2.974886e-03	1.904777e-02	9.227373e+01
2.973049e-03	1.903601e-02	9.229277e+01
2.966177e-03	1.899201e-02	9.231176e+01
2.956082e-03	1.892737e-02	9.233069e+01
2.952507e-03	1.890448e-02	9.234959e+01
2.946084e-03	1.886336e-02	9.236846e+01
2.939373e-03	1.882038e-02	9.238728e+01
2.936784e-03	1.880381e-02	9.240608e+01
2.927351e-03	1.874341e-02	9.242482e+01
2.924442e-03	1.872479e-02	9.244355e+01
2.919067e-03	1.869037e-02	9.246224e+01
2.917058e-03	1.867751e-02	9.248092e+01
2.900535e-03	1.857172e-02	9.249949e+01
2.898887e-03	1.856116e-02	9.251805e+01
2.891227e-03	1.851212e-02	9.253656e+01
2.885628e-03	1.847627e-02	9.255504e+01
2.883958e-03	1.846557e-02	9.257350e+01
2.874816e-03	1.840704e-02	9.259191e+01
2.867476e-03	1.836004e-02	9.261027e+01
2.867137e-03	1.835787e-02	9.262863e+01
2.862380e-03	1.832741e-02	9.264696e+01
2.853340e-03	1.826953e-02	9.266522e+01
2.846955e-03	1.822865e-02	9.268345e+01
2.838311e-03	1.817330e-02	9.270163e+01
2.830411e-03	1.812272e-02	9.271975e+01
2.826755e-03	1.809931e-02	9.273785e+01
2.820302e-03	1.805799e-02	9.275591e+01
2.815124e-03	1.802484e-02	9.277393e+01
2.807596e-03	1.797664e-02	9.279191e+01
2.802624e-03	1.794480e-02	9.280985e+01
2.797398e-03	1.791134e-02	9.282776e+01
2.795691e-03	1.790041e-02	9.284566e+01
2.790967e-03	1.787016e-02	9.286354e+01
2.782488e-03	1.781587e-02	9.288135e+01
2.778814e-03	1.779235e-02	9.289914e+01
2.775913e-03	1.777378e-02	9.291692e+01
2.768823e-03	1.772838e-02	9.293465e+01
2.763811e-03	1.769629e-02	9.295234e+01
2.758935e-03	1.766507e-02	9.297001e+01
2.757810e-03	1.765787e-02	9.298766e+01
2.749669e-03	1.760574e-02	9.300527e+01
2.746601e-03	1.758610e-02	9.302286e+01
2.739674e-03	1.754174e-02	9.304040e+01
2.733956e-03	1.750513e-02	9.305790e+01
2.731223e-03	1.748763e-02	9.307539e+01
2.720971e-03	1.742199e-02	9.309281e+01
2.717783e-03	1.740158e-02	9.311021e+01
2.714823e-03	1.738263e-02	9.312760e+01
2.711732e-03	1.736283e-02	9.314496e+01
2.702759e-03	1.730538e-02	9.316227e+01
2.699498e-03	1.728450e-02	9.317955e+01
2.698619e-03	1.727887e-02	9.319683e+01
2.691202e-03	1.723138e-02	9.321406e+01
2.682943e-03	1.717850e-02	9.323124e+01
2.676713e-03	1.713861e-02	9.324838e+01
2.673332e-03	1.711697e-02	9.326549e+01
2.669077e-03	1.708972e-02	9.328258e+01
2.666659e-03	1.707424e-02	9.329966e+01
2.664163e-03	1.705826e-02	9.331672e+01
2.661487e-03	1.704113e-02	9.333376e+01
2.658057e-03	1.701916e-02	9.335078e+01
2.655153e-03	1.700057e-02	9.336778e+01
2.641958e-03	1.691608e-02	9.338469e+01
2.637607e-03	1.688823e-02	9.340158e+01
2.627216e-03	1.682169e-02	9.341840e+01
2.622312e-03	1.679029e-02	9.343519e+01
2.617955e-03	1.676239e-02	9.345196e+01
2.613516e-03	1.673397e-02	9.346869e+01
2.604190e-03	1.667426e-02	9.348536e+01
2.601136e-03	1.665471e-02	9.350202e+01
2.596281e-03	1.662362e-02	9.351864e+01
2.590521e-03	1.658674e-02	9.353523e+01
2.589438e-03	1.657981e-02	9.355181e+01
2.581397e-03	1.652832e-02	9.356834e+01
2.577401e-03	1.650273e-02	9.358484e+01
2.576105e-03	1.649444e-02	9.360133e+01
2.570118e-03	1.645610e-02	9.361779e+01
2.561681e-03	1.640208e-02	9.363419e+01
2.559726e-03	1.638956e-02	9.365058e+01
2.555560e-03	1.636289e-02	9.366695e+01
2.549960e-03	1.632703e-02	9.368327e+01
2.545998e-03	1.630166e-02	9.369957e+01
2.541797e-03	1.627476e-02	9.371585e+01
2.534972e-03	1.623106e-02	9.373208e+01
2.533801e-03	1.622357e-02	9.374830e+01
2.526461e-03	1.617657e-02	9.376448e+01
2.520364e-03	1.613753e-02	9.378062e+01
2.518266e-03	1.612410e-02	9.379674e+01
2.510978e-03	1.607744e-02	9.381282e+01
2.503852e-03	1.603181e-02	9.382885e+01
2.502371e-03	1.602233e-02	9.384487e+01
2.500308e-03	1.600911e-02	9.386088e+01
2.492460e-03	1.595887e-02	9.387684e+01
2.486475e-03	1.592055e-02	9.389276e+01
2.483006e-03	1.589834e-02	9.390866e+01
2.477814e-03	1.586509e-02	9.392453e+01
2.476860e-03	1.585898e-02	9.394038e+01
2.466342e-03	1.579164e-02	9.395618e+01
2.463391e-03	1.577274e-02	9.397195e+01
2.454024e-03	1.571277e-02	9.398766e+01
2.450776e-03	1.569197e-02	9.400335e+01
2.447689e-03	1.567220e-02	9.401903e+01
2.442715e-03	1.564035e-02	9.403467e+01
2.437838e-03	1.560913e-02	9.405027e+01
2.433904e-03	1.558394e-02	9.406586e+01
2.427617e-03	1.554369e-02	9.408140e+01
2.423695e-03	1.551858e-02	9.409692e+01
2.417246e-03	1.547728e-02	9.411240e+01
2.411402e-03	1.543986e-02	9.412784e+01
2.405755e-03	1.540371e-02	9.414324e+01
2.403357e-03	1.538836e-02	9.415863e+01
2.398574e-03	1.535773e-02	9.417399e+01
2.395726e-03	1.533949e-02	9.418933e+01
2.392647e-03	1.531978e-02	9.420465e+01
2.384258e-03	1.526606e-02	9.421991e+01
2.379883e-03	1.523805e-02	9.423515e+01
2.377955e-03	1.522570e-02	9.425038e+01
2.371337e-03	1.518333e-02	9.426556e+01
2.365717e-03	1.514735e-02	9.428071e+01
2.362841e-03	1.512894e-02	9.429584e+01
2.354816e-03	1.507755e-02	9.431091e+01
2.350672e-03	1.505102e-02	9.432597e+01
2.348284e-03	1.503573e-02	9.434100e+01
2.341263e-03	1.499077e-02	9.435599e+01
2.335613e-03	1.495460e-02	9.437095e+01
2.330386e-03	1.492113e-02	9.438587e+01
2.324402e-03	1.488282e-02	9.440075e+01
2.321051e-03	1.486136e-02	9.441561e+01
2.320220e-03	1.485604e-02	9.443047e+01
2.312280e-03	1.480520e-02	9.444527e+01
2.304460e-03	1.475513e-02	9.446003e+01
2.301443e-03	1.473581e-02	9.447476e+01
2.296836e-03	1.470632e-02	9.448947e+01
2.293054e-03	1.468210e-02	9.450415e+01
2.288028e-03	1.464992e-02	9.451880e+01
2.287033e-03	1.464355e-02	9.453345e+01
2.282209e-03	1.461266e-02	9.454806e+01
2.273449e-03	1.455657e-02	9.456262e+01
2.269932e-03	1.453405e-02	9.457715e+01
2.264946e-03	1.450213e-02	9.459165e+01
2.264507e-03	1.449932e-02	9.460615e+01
2.258766e-03	1.446256e-02	9.462061e+01
2.256127e-03	1.444566e-02	9.463506e+01
2.248781e-03	1.439863e-02	9.464946e+01
2.242613e-03	1.435913e-02	9.466382e+01
2.236753e-03	1.432161e-02	9.467814e+01
2.227253e-03	1.426078e-02	9.469240e+01
2.223682e-03	1.423792e-02	9.470664e+01
2.220516e-03	1.421765e-02	9.472085e+01
2.217640e-03	1.419923e-02	9.473505e+01
2.212996e-03	1.416950e-02	9.474922e+01
2.209388e-03	1.414640e-02	9.476337e+01
2.205153e-03	1.411928e-02	9.477749e+01
2.198815e-03	1.407870e-02	9.479157e+01
2.197858e-03	1.407258e-02	9.480564e+01
2.190510e-03	1.402553e-02	9.481967e+01
2.188929e-03	1.401540e-02	9.483368e+01
2.184920e-03	1.398973e-02	9.484767e+01
2.181627e-03	1.396865e-02	9.486164e+01
2.177059e-03	1.393940e-02	9.487558e+01
2.170666e-03	1.389847e-02	9.488948e+01
2.164990e-03	1.386212e-02	9.490334e+01
2.160048e-03	1.383048e-02	9.491717e+01
2.154668e-03	1.379603e-02	9.493097e+01
2.151297e-03	1.377445e-02	9.494474e+01
2.150775e-03	1.377111e-02	9.495851e+01
2.143741e-03	1.372607e-02	9.497224e+01
2.141029e-03	1.370871e-02	9.498595e+01
2.135708e-03	1.367464e-02	9.499962e+01
2.132514e-03	1.365418e-02	9.501328e+01
2.130938e-03	1.364410e-02	9.502692e+01
2.122464e-03	1.358983e-02	9.504051e+01
2.119759e-03	1.357252e-02	9.505408e+01
2.118092e-03	1.356184e-02	9.506764e+01
2.112302e-03	1.352477e-02	9.508117e+01
2.110233e-03	1.351152e-02	9.509468e+01
2.103527e-03	1.346858e-02	9.510815e+01
2.099823e-03	1.344487e-02	9.512159e+01
2.099259e-03	1.344126e-02	9.513503e+01
2.092632e-03	1.339883e-02	9.514843e+01
2.087795e-03	1.336785e-02	9.516180e+01
2.082689e-03	1.333516e-02	9.517514e+01
2.077296e-03	1.330063e-02	9.518844e+01
2.072454e-03	1.326963e-02	9.520171e+01
2.069785e-03	1.325254e-02	9.521496e+01
2.064559e-03	1.321908e-02	9.522818e+01
2.059882e-03	1.318913e-02	9.524137e+01
2.052605e-03	1.314254e-02	9.525451e+01
2.051633e-03	1.313631e-02	9.526765e+01
2.047336e-03	1.310880e-02	9.528075e+01
2.043588e-03	1.308480e-02	9.529384e+01
2.041407e-03	1.307084e-02	9.530691e+01
2.034534e-03	1.302683e-02	9.531994e+01
2.029931e-03	1.299736e-02	9.533293e+01
2.027731e-03	1.298328e-02	9.534592e+01
2.018151e-03	1.292193e-02	9.535884e+01
2.012564e-03	1.288616e-02	9.537173e+01
2.009039e-03	1.286359e-02	9.538459e+01
2.004500e-03	1.283453e-02	9.539742e+01
2.000916e-03	1.281158e-02	9.541024e+01
1.997372e-03	1.278889e-02	9.542302e+01
1.994241e-03	1.276884e-02	9.543579e+01
1.991267e-03	1.274980e-02	9.544854e+01
1.981699e-03	1.268854e-02	9.546123e+01
1.978988e-03	1.267118e-02	9.547390e+01
1.976739e-03	1.265678e-02	9.548656e+01
1.971060e-03	1.262042e-02	9.549918e+01
1.967115e-03	1.259516e-02	9.551178e+01
1.963027e-03	1.256898e-02	9.552434e+01
1.959195e-03	1.254445e-02	9.553689e+01
1.953969e-03	1.251098e-02	9.554940e+01
1.950341e-03	1.248776e-02	9.556189e+01
1.947489e-03	1.246950e-02	9.557436e+01
1.943631e-03	1.244479e-02	9.558680e+01
1.939063e-03	1.241554e-02	9.559922e+01
1.931351e-03	1.236617e-02	9.561158e+01
1.929745e-03	1.235588e-02	9.562394e+01
1.923385e-03	1.231516e-02	9.563625e+01
1.920572e-03	1.229715e-02	9.564855e+01
1.914585e-03	1.225882e-02	9.566081e+01
1.910961e-03	1.223561e-02	9.567305e+01
1.908884e-03	1.222231e-02	9.568527e+01
1.905813e-03	1.220265e-02	9.569747e+01
1.901912e-03	1.217767e-02	9.570965e+01
1.900983e-03	1.217172e-02	9.572182e+01
1.898576e-03	1.215631e-02	9.573398e+01
1.891192e-03	1.210903e-02	9.574609e+01
1.883320e-03	1.205863e-02	9.575814e+01
1.878464e-03	1.202754e-02	9.577017e+01
1.875064e-03	1.200577e-02	9.578218e+01
1.872508e-03	1.198940e-02	9.579417e+01
1.869743e-03	1.197170e-02	9.580614e+01
1.865951e-03	1.194742e-02	9.581809e+01
1.862156e-03	1.192312e-02	9.583001e+01
1.860217e-03	1.191071e-02	9.584192e+01
1.859167e-03	1.190399e-02	9.585382e+01
1.851470e-03	1.185470e-02	9.586568e+01
1.846446e-03	1.182253e-02	9.587750e+01
1.840312e-03	1.178325e-02	9.588928e+01
1.838401e-03	1.177102e-02	9.590106e+01
1.834931e-03	1.174880e-02	9.591280e+01
1.830608e-03	1.172112e-02	9.592453e+01
1.826216e-03	1.169300e-02	9.593622e+01
1.822386e-03	1.166848e-02	9.594789e+01
1.819809e-03	1.165198e-02	9.595954e+01
1.814577e-03	1.161848e-02	9.597116e+01
1.809231e-03	1.158425e-02	9.598274e+01
1.805227e-03	1.155861e-02	9.599430e+01
1.801498e-03	1.153473e-02	9.600584e+01
1.797772e-03	1.151088e-02	9.601735e+01
1.793645e-03	1.148445e-02	9.602883e+01
1.791664e-03	1.147177e-02	9.604030e+01
1.787863e-03	1.144743e-02	9.605175e+01
1.782320e-03	1.141194e-02	9.606316e+01
1.778376e-03	1.138669e-02	9.607455e+01
1.772776e-03	1.135083e-02	9.608590e+01
1.771577e-03	1.134315e-02	9.609724e+01
1.768112e-03	1.132097e-02	9.610856e+01
1.763803e-03	1.129338e-02	9.611986e+01
1.759301e-03	1.126455e-02	9.613112e+01
1.753686e-03	1.122860e-02	9.614235e+01
1.751229e-03	1.121287e-02	9.615356e+01
1.747073e-03	1.118626e-02	9.616475e+01
1.743837e-03	1.116554e-02	9.617591e+01
1.738729e-03	1.113283e-02	9.618705e+01
1.734282e-03	1.110436e-02	9.619815e+01
1.731584e-03	1.108708e-02	9.620924e+01
1.728671e-03	1.106843e-02	9.622031e+01
1.727063e-03	1.105814e-02	9.623137e+01
1.719700e-03	1.101100e-02	9.624238e+01
1.716642e-03	1.099141e-02	9.625337e+01
1.712377e-03	1.096410e-02	9.626433e+01
1.708774e-03	1.094103e-02	9.627527e+01
1.705975e-03	1.092311e-02	9.628620e+01
1.701584e-03	1.089500e-02	9.629709e+01
1.698967e-03	1.087824e-02	9.630797e+01
1.693261e-03	1.084171e-02	9.631881e+01
1.690218e-03	1.082223e-02	9.632963e+01
1.685432e-03	1.079158e-02	9.634042e+01
1.684390e-03	1.078491e-02	9.635121e+01
1.680150e-03	1.075776e-02	9.636197e+01
1.674278e-03	1.072016e-02	9.637269e+01
1.670655e-03	1.069697e-02	9.638338e+01
1.665156e-03	1.066176e-02	9.639405e+01
1.662576e-03	1.064524e-02	9.640469e+01
1.658440e-03	1.061876e-02	9.641531e+01
1.652608e-03	1.058142e-02	9.642589e+01
1.651476e-03	1.057417e-02	9.643647e+01
1.647931e-03	1.055147e-02	9.644702e+01
1.646099e-03	1.053974e-02	9.645756e+01
1.641597e-03	1.051091e-02	9.646807e+01
1.632449e-03	1.045234e-02	9.647852e+01
1.630777e-03	1.044163e-02	9.648896e+01
1.627833e-03	1.042278e-02	9.649938e+01
1.624845e-03	1.040365e-02	9.650979e+01
1.621343e-03	1.038123e-02	9.652017e+01
1.617837e-03	1.035878e-02	9.653053e+01
1.613130e-03	1.032864e-02	9.654086e+01
1.611651e-03	1.031917e-02	9.655118e+01
1.609741e-03	1.030694e-02	9.656148e+01
1.604945e-03	1.027623e-02	9.657176e+01
1.601318e-03	1.025301e-02	9.658201e+01
1.596796e-03	1.022406e-02	9.659224e+01
1.591955e-03	1.019306e-02	9.660243e+01
1.587485e-03	1.016444e-02	9.661259e+01
1.581399e-03	1.012547e-02	9.662272e+01
1.579813e-03	1.011532e-02	9.663283e+01
1.572627e-03	1.006931e-02	9.664290e+01
1.570754e-03	1.005731e-02	9.665296e+01
1.569368e-03	1.004844e-02	9.666301e+01
1.567929e-03	1.003923e-02	9.667305e+01
1.561472e-03	9.997887e-03	9.668305e+01
1.559287e-03	9.983895e-03	9.669303e+01
1.558854e-03	9.981122e-03	9.670301e+01
1.554568e-03	9.953678e-03	9.671297e+01
1.547307e-03	9.907189e-03	9.672287e+01
1.545005e-03	9.892450e-03	9.673277e+01
1.540235e-03	9.861904e-03	9.674263e+01
1.537010e-03	9.841260e-03	9.675247e+01
1.534288e-03	9.823826e-03	9.676229e+01
1.530033e-03	9.796585e-03	9.677209e+01
1.527926e-03	9.783092e-03	9.678187e+01
1.525770e-03	9.769290e-03	9.679164e+01
1.519309e-03	9.727918e-03	9.680137e+01
1.517137e-03	9.714010e-03	9.681108e+01
1.516040e-03	9.706988e-03	9.682079e+01
1.511812e-03	9.679918e-03	9.683047e+01
1.508987e-03	9.661829e-03	9.684013e+01
1.503130e-03	9.624331e-03	9.684976e+01
1.497642e-03	9.589191e-03	9.685935e+01
1.494293e-03	9.567744e-03	9.686891e+01
1.491832e-03	9.551989e-03	9.687847e+01
1.490752e-03	9.545072e-03	9.688801e+01
1.486613e-03	9.518574e-03	9.689753e+01
1.483062e-03	9.495834e-03	9.690702e+01
1.479816e-03	9.475054e-03	9.691650e+01
1.477220e-03	9.458429e-03	9.692596e+01
1.472872e-03	9.430590e-03	9.693539e+01
1.469748e-03	9.410589e-03	9.694480e+01
1.463728e-03	9.372044e-03	9.695417e+01
1.458195e-03	9.336618e-03	9.696351e+01
1.454310e-03	9.311739e-03	9.697282e+01
1.450004e-03	9.284167e-03	9.698210e+01
1.448560e-03	9.274923e-03	9.699138e+01
1.446376e-03	9.260942e-03	9.700064e+01
1.444512e-03	9.249002e-03	9.700989e+01
1.441074e-03	9.226993e-03	9.701912e+01
1.437384e-03	9.203363e-03	9.702832e+01
1.433716e-03	9.179881e-03	9.703750e+01
1.431234e-03	9.163986e-03	9.704666e+01
1.428952e-03	9.149378e-03	9.705581e+01
1.427274e-03	9.138634e-03	9.706495e+01
1.425328e-03	9.126170e-03	9.707408e+01
1.417641e-03	9.076954e-03	9.708315e+01
1.415753e-03	9.064864e-03	9.709222e+01
1.407616e-03	9.012764e-03	9.710123e+01
1.405547e-03	8.999516e-03	9.711023e+01
1.403586e-03	8.986961e-03	9.711922e+01
1.401480e-03	8.973479e-03	9.712819e+01
1.399627e-03	8.961615e-03	9.713715e+01
1.395503e-03	8.935207e-03	9.714609e+01
1.393960e-03	8.925325e-03	9.715501e+01
1.389695e-03	8.898020e-03	9.716391e+01
1.386308e-03	8.876335e-03	9.717279e+01
1.381389e-03	8.844841e-03	9.718163e+01
1.378270e-03	8.824870e-03	9.719046e+01
1.372179e-03	8.785867e-03	9.719924e+01
1.370541e-03	8.775382e-03	9.720802e+01
1.365636e-03	8.743972e-03	9.721676e+01
1.364994e-03	8.739861e-03	9.722550e+01
1.359624e-03	8.705479e-03	9.723421e+01
1.356871e-03	8.687855e-03	9.724290e+01
1.354998e-03	8.675862e-03	9.725157e+01
1.353606e-03	8.666949e-03	9.726024e+01
1.345157e-03	8.612847e-03	9.726885e+01
1.342381e-03	8.595072e-03	9.727745e+01
1.337642e-03	8.564731e-03	9.728601e+01
1.336525e-03	8.557577e-03	9.729457e+01
1.335682e-03	8.552183e-03	9.730312e+01
1.331596e-03	8.526021e-03	9.731165e+01
1.330482e-03	8.518885e-03	9.732017e+01
1.327720e-03	8.501200e-03	9.732867e+01
1.320188e-03	8.452975e-03	9.733712e+01
1.318633e-03	8.443023e-03	9.734556e+01
1.316674e-03	8.430475e-03	9.735399e+01
1.313388e-03	8.409439e-03	9.736240e+01
1.312758e-03	8.405400e-03	9.737081e+01
1.310415e-03	8.390404e-03	9.737920e+01
1.304054e-03	8.349672e-03	9.738755e+01
1.300252e-03	8.325330e-03	9.739587e+01
1.297010e-03	8.304572e-03	9.740418e+01
1.296349e-03	8.300336e-03	9.741248e+01
1.292652e-03	8.276670e-03	9.742076e+01
1.288092e-03	8.247473e-03	9.742900e+01
1.285603e-03	8.231532e-03	9.743723e+01
1.282230e-03	8.209938e-03	9.744544e+01
1.279475e-03	8.192296e-03	9.745364e+01
1.277958e-03	8.182583e-03	9.746182e+01
1.272182e-03	8.145598e-03	9.746997e+01
1.268966e-03	8.125009e-03	9.747809e+01
1.268766e-03	8.123727e-03	9.748621e+01
1.265665e-03	8.103874e-03	9.749432e+01
1.262706e-03	8.084926e-03	9.750240e+01
1.260408e-03	8.070212e-03	9.751047e+01
1.254913e-03	8.035032e-03	9.751851e+01
1.253108e-03	8.023475e-03	9.752653e+01
1.251027e-03	8.010146e-03	9.753454e+01
1.247470e-03	7.987371e-03	9.754253e+01
1.245587e-03	7.975317e-03	9.755050e+01
1.244597e-03	7.968977e-03	9.755847e+01
1.238889e-03	7.932432e-03	9.756641e+01
1.233696e-03	7.899183e-03	9.757431e+01
1.230809e-03	7.880694e-03	9.758219e+01
1.228361e-03	7.865023e-03	9.759005e+01
1.226093e-03	7.850502e-03	9.759790e+01
1.224743e-03	7.841856e-03	9.760574e+01
1.221363e-03	7.820214e-03	9.761356e+01
1.216022e-03	7.786016e-03	9.762135e+01
1.215137e-03	7.780350e-03	9.762913e+01
1.212628e-03	7.764286e-03	9.763689e+01
1.212340e-03	7.762443e-03	9.764466e+01
1.207086e-03	7.728803e-03	9.765239e+01
1.203681e-03	7.706999e-03	9.766009e+01
1.201343e-03	7.692029e-03	9.766778e+01
1.197060e-03	7.664606e-03	9.767545e+01
1.196762e-03	7.662697e-03	9.768311e+01
1.194732e-03	7.649696e-03	9.769076e+01
1.192243e-03	7.633762e-03	9.769840e+01
1.185733e-03	7.592081e-03	9.770599e+01
1.183190e-03	7.575800e-03	9.771356e+01
1.179321e-03	7.551024e-03	9.772111e+01
1.175892e-03	7.529070e-03	9.772864e+01
1.173215e-03	7.511931e-03	9.773615e+01
1.169739e-03	7.489670e-03	9.774364e+01
1.167084e-03	7.472675e-03	9.775112e+01
1.162740e-03	7.444856e-03	9.775856e+01
1.160478e-03	7.430375e-03	9.776599e+01
1.157650e-03	7.412265e-03	9.777340e+01
1.153092e-03	7.383086e-03	9.778079e+01
1.150528e-03	7.366666e-03	9.778815e+01
1.150008e-03	7.363341e-03	9.779552e+01
1.146961e-03	7.343827e-03	9.780286e+01
1.142368e-03	7.314421e-03	9.781018e+01
1.139115e-03	7.293594e-03	9.781747e+01
1.138393e-03	7.288967e-03	9.782476e+01
1.132971e-03	7.254250e-03	9.783201e+01
1.129910e-03	7.234652e-03	9.783925e+01
1.128383e-03	7.224879e-03	9.784647e+01
1.122315e-03	7.186024e-03	9.785366e+01
1.120120e-03	7.171967e-03	9.786083e+01
1.117558e-03	7.155567e-03	9.786799e+01
1.115783e-03	7.144198e-03	9.787513e+01
1.113159e-03	7.127399e-03	9.788226e+01
1.112475e-03	7.123017e-03	9.788938e+01
1.108851e-03	7.099817e-03	9.789648e+01
1.101652e-03	7.053720e-03	9.790353e+01
1.098510e-03	7.033606e-03	9.791057e+01
1.096914e-03	7.023382e-03	9.791759e+01
1.095117e-03	7.011878e-03	9.792460e+01
1.092178e-03	6.993060e-03	9.793160e+01
1.088111e-03	6.967017e-03	9.793856e+01
1.086389e-03	6.955996e-03	9.794552e+01
1.083279e-03	6.936079e-03	9.795246e+01
1.081765e-03	6.926386e-03	9.795938e+01
1.078001e-03	6.902287e-03	9.796628e+01
1.074420e-03	6.879360e-03	9.797316e+01
1.071518e-03	6.860778e-03	9.798002e+01
1.070736e-03	6.855772e-03	9.798688e+01
1.066618e-03	6.829404e-03	9.799371e+01
1.064700e-03	6.817123e-03	9.800053e+01
1.061725e-03	6.798076e-03	9.800732e+01
1.058790e-03	6.779283e-03	9.801410e+01
1.056694e-03	6.765864e-03	9.802087e+01
1.053234e-03	6.743708e-03	9.802761e+01
1.049982e-03	6.722883e-03	9.803434e+01
1.048750e-03	6.714994e-03	9.804105e+01
1.045035e-03	6.691213e-03	9.804774e+01
1.042349e-03	6.674010e-03	9.805442e+01
1.037816e-03	6.644990e-03	9.806106e+01
1.035116e-03	6.627702e-03	9.806769e+01
1.034027e-03	6.620726e-03	9.807431e+01
1.032248e-03	6.609339e-03	9.808092e+01
1.030315e-03	6.596962e-03	9.808752e+01
1.026167e-03	6.570404e-03	9.809409e+01
1.024457e-03	6.559450e-03	9.810065e+01
1.022594e-03	6.547523e-03	9.810719e+01
1.019552e-03	6.528045e-03	9.811372e+01
1.016160e-03	6.506330e-03	9.812023e+01
1.012597e-03	6.483512e-03	9.812671e+01
1.009926e-03	6.466411e-03	9.813318e+01
1.006605e-03	6.445146e-03	9.813962e+01
1.003913e-03	6.427913e-03	9.814605e+01
1.003185e-03	6.423248e-03	9.815247e+01
1.001247e-03	6.410845e-03	9.815888e+01
9.992194e-04	6.397860e-03	9.816528e+01
9.973602e-04	6.385955e-03	9.817167e+01
9.956202e-04	6.374815e-03	9.817804e+01
9.934189e-04	6.360720e-03	9.818440e+01
9.907237e-04	6.343463e-03	9.819075e+01
9.891204e-04	6.333198e-03	9.819708e+01
9.859270e-04	6.312751e-03	9.820339e+01
9.844031e-04	6.302993e-03	9.820970e+01
9.776091e-04	6.259492e-03	9.821596e+01
9.765077e-04	6.252440e-03	9.822221e+01
9.706399e-04	6.214869e-03	9.822842e+01
9.684957e-04	6.201141e-03	9.823462e+01
9.665650e-04	6.188779e-03	9.824081e+01
9.646957e-04	6.176809e-03	9.824699e+01
9.640291e-04	6.172541e-03	9.825316e+01
9.605582e-04	6.150318e-03	9.825931e+01
9.586074e-04	6.137827e-03	9.826545e+01
9.580652e-04	6.134356e-03	9.827159e+01
9.567474e-04	6.125917e-03	9.827771e+01
9.500019e-04	6.082727e-03	9.828379e+01
9.480951e-04	6.070518e-03	9.828986e+01
9.471932e-04	6.064744e-03	9.829593e+01
9.444778e-04	6.047357e-03	9.830198e+01
9.414223e-04	6.027793e-03	9.830800e+01
9.386727e-04	6.010188e-03	9.831401e+01
9.361207e-04	5.993848e-03	9.832001e+01
9.330860e-04	5.974417e-03	9.832598e+01
9.310020e-04	5.961074e-03	9.833194e+01
9.264181e-04	5.931724e-03	9.833788e+01
9.249475e-04	5.922307e-03	9.834380e+01
9.212011e-04	5.898320e-03	9.834970e+01
9.184895e-04	5.880958e-03	9.835558e+01
9.160858e-04	5.865567e-03	9.836144e+01
9.152130e-04	5.859979e-03	9.836730e+01
9.112352e-04	5.834509e-03	9.837314e+01
9.089337e-04	5.819773e-03	9.837896e+01
9.051952e-04	5.795836e-03	9.838475e+01
9.024968e-04	5.778559e-03	9.839053e+01
9.021319e-04	5.776222e-03	9.839631e+01
9.003638e-04	5.764902e-03	9.840207e+01
8.970968e-04	5.743983e-03	9.840782e+01
8.956107e-04	5.734468e-03	9.841355e+01
8.929080e-04	5.717163e-03	9.841927e+01
8.895404e-04	5.695601e-03	9.842496e+01
8.891724e-04	5.693245e-03	9.843066e+01
8.860493e-04	5.673248e-03	9.843633e+01
8.849091e-04	5.665947e-03	9.844200e+01
8.825725e-04	5.650986e-03	9.844765e+01
8.788125e-04	5.626912e-03	9.845327e+01
8.783767e-04	5.624121e-03	9.845890e+01
8.769194e-04	5.614790e-03	9.846451e+01
8.736596e-04	5.593918e-03	9.847011e+01
8.732881e-04	5.591540e-03	9.847570e+01
8.704812e-04	5.573567e-03	9.848127e+01
8.660792e-04	5.545382e-03	9.848682e+01
8.638586e-04	5.531164e-03	9.849235e+01
8.630321e-04	5.525872e-03	9.849787e+01
8.580732e-04	5.494120e-03	9.850337e+01
8.575172e-04	5.490561e-03	9.850886e+01
8.546907e-04	5.472463e-03	9.851433e+01
8.515169e-04	5.452142e-03	9.851978e+01
8.513518e-04	5.451085e-03	9.852523e+01
8.471023e-04	5.423876e-03	9.853066e+01
8.440419e-04	5.404280e-03	9.853606e+01
8.433116e-04	5.399605e-03	9.854146e+01
8.404834e-04	5.381496e-03	9.854684e+01
8.389516e-04	5.371688e-03	9.855222e+01
8.349809e-04	5.346264e-03	9.855756e+01
8.335910e-04	5.337365e-03	9.856290e+01
8.317070e-04	5.325302e-03	9.856822e+01
8.301250e-04	5.315173e-03	9.857354e+01
8.294756e-04	5.311015e-03	9.857885e+01
8.265979e-04	5.292589e-03	9.858414e+01
8.233104e-04	5.271539e-03	9.858941e+01
8.208925e-04	5.256058e-03	9.859467e+01
8.178510e-04	5.236583e-03	9.859991e+01
8.153110e-04	5.220320e-03	9.860513e+01
8.116559e-04	5.196917e-03	9.861032e+01
8.113331e-04	5.194851e-03	9.861552e+01
8.088739e-04	5.179105e-03	9.862070e+01
8.077754e-04	5.172071e-03	9.862587e+01
8.053816e-04	5.156744e-03	9.863103e+01
8.018963e-04	5.134428e-03	9.863616e+01
7.996373e-04	5.119964e-03	9.864128e+01
7.966397e-04	5.100771e-03	9.864638e+01
7.924331e-04	5.073837e-03	9.865146e+01
7.908752e-04	5.063862e-03	9.865652e+01
7.876521e-04	5.043224e-03	9.866156e+01
7.859339e-04	5.032223e-03	9.866660e+01
7.838559e-04	5.018918e-03	9.867161e+01
7.803988e-04	4.996783e-03	9.867661e+01
7.783610e-04	4.983735e-03	9.868160e+01
7.755164e-04	4.965522e-03	9.868656e+01
7.742035e-04	4.957115e-03	9.869152e+01
7.730889e-04	4.949978e-03	9.869647e+01
7.721181e-04	4.943763e-03	9.870141e+01
7.706563e-04	4.934403e-03	9.870635e+01
7.668269e-04	4.909883e-03	9.871126e+01
7.635533e-04	4.888923e-03	9.871614e+01
7.619001e-04	4.878338e-03	9.872102e+01
7.588636e-04	4.858896e-03	9.872588e+01
7.571369e-04	4.847840e-03	9.873073e+01
7.546745e-04	4.832073e-03	9.873556e+01
7.530004e-04	4.821354e-03	9.874038e+01
7.509028e-04	4.807924e-03	9.874519e+01
7.490000e-04	4.795741e-03	9.874999e+01
7.455536e-04	4.773674e-03	9.875476e+01
7.428072e-04	4.756089e-03	9.875952e+01
7.420384e-04	4.751166e-03	9.876427e+01
7.415535e-04	4.748062e-03	9.876902e+01
7.381550e-04	4.726301e-03	9.877374e+01
7.357274e-04	4.710758e-03	9.877845e+01
7.329625e-04	4.693055e-03	9.878315e+01
7.299720e-04	4.673907e-03	9.878782e+01
7.298054e-04	4.672840e-03	9.879249e+01
7.267644e-04	4.653369e-03	9.879715e+01
7.244786e-04	4.638734e-03	9.880178e+01
7.217781e-04	4.621443e-03	9.880641e+01
7.206118e-04	4.613975e-03	9.881102e+01
7.192472e-04	4.605238e-03	9.881563e+01
7.147326e-04	4.576331e-03	9.882020e+01
7.127309e-04	4.563515e-03	9.882477e+01
7.103224e-04	4.548093e-03	9.882931e+01
7.090526e-04	4.539963e-03	9.883385e+01
7.075680e-04	4.530458e-03	9.883838e+01
7.063240e-04	4.522492e-03	9.884291e+01
7.040231e-04	4.507760e-03	9.884741e+01
7.019841e-04	4.494704e-03	9.885191e+01
6.979928e-04	4.469148e-03	9.885638e+01
6.957976e-04	4.455093e-03	9.886083e+01
6.940630e-04	4.443987e-03	9.886528e+01
6.927221e-04	4.435401e-03	9.886971e+01
6.919538e-04	4.430482e-03	9.887414e+01
6.889825e-04	4.411457e-03	9.887855e+01
6.882575e-04	4.406815e-03	9.888296e+01
6.845886e-04	4.383324e-03	9.888734e+01
6.830869e-04	4.373708e-03	9.889172e+01
6.807176e-04	4.358538e-03	9.889608e+01
6.792182e-04	4.348938e-03	9.890043e+01
6.776681e-04	4.339012e-03	9.890476e+01
6.736275e-04	4.313141e-03	9.890908e+01
6.722039e-04	4.304026e-03	9.891338e+01
6.713472e-04	4.298541e-03	9.891768e+01
6.685097e-04	4.280373e-03	9.892196e+01
6.672466e-04	4.272285e-03	9.892623e+01
6.629673e-04	4.244886e-03	9.893048e+01
6.614499e-04	4.235170e-03	9.893471e+01
6.591631e-04	4.220527e-03	9.893893e+01
6.564411e-04	4.203099e-03	9.894314e+01
6.548759e-04	4.193077e-03	9.894733e+01
6.530466e-04	4.181365e-03	9.895151e+01
6.516390e-04	4.172352e-03	9.895568e+01
6.504333e-04	4.164632e-03	9.895985e+01
6.476422e-04	4.146761e-03	9.896400e+01
6.461676e-04	4.137319e-03	9.896813e+01
6.446587e-04	4.127658e-03	9.897226e+01
6.426571e-04	4.114842e-03	9.897637e+01
6.403137e-04	4.099838e-03	9.898047e+01
6.379152e-04	4.084480e-03	9.898456e+01
6.361505e-04	4.073181e-03	9.898863e+01
6.343916e-04	4.061919e-03	9.899269e+01
6.323080e-04	4.048578e-03	9.899674e+01
6.317094e-04	4.044745e-03	9.900079e+01
6.286034e-04	4.024859e-03	9.900481e+01
6.275531e-04	4.018133e-03	9.900883e+01
6.233040e-04	3.990927e-03	9.901282e+01
6.212693e-04	3.977899e-03	9.901680e+01
6.186271e-04	3.960981e-03	9.902076e+01
6.176951e-04	3.955014e-03	9.902472e+01
6.167045e-04	3.948671e-03	9.902866e+01
6.137149e-04	3.929529e-03	9.903259e+01
6.126588e-04	3.922767e-03	9.903652e+01
6.114195e-04	3.914832e-03	9.904043e+01
6.101278e-04	3.906562e-03	9.904434e+01
6.097260e-04	3.903989e-03	9.904824e+01
6.039693e-04	3.867130e-03	9.905211e+01
6.037192e-04	3.865528e-03	9.905597e+01
6.017983e-04	3.853229e-03	9.905983e+01
5.985813e-04	3.832631e-03	9.906366e+01
5.966741e-04	3.820420e-03	9.906748e+01
5.946980e-04	3.807767e-03	9.907129e+01
5.930921e-04	3.797485e-03	9.907509e+01
5.914042e-04	3.786677e-03	9.907887e+01
5.892641e-04	3.772974e-03	9.908265e+01
5.885010e-04	3.768088e-03	9.908641e+01
5.873401e-04	3.760655e-03	9.909017e+01
5.863464e-04	3.754293e-03	9.909393e+01
5.854448e-04	3.748520e-03	9.909768e+01
5.847447e-04	3.744037e-03	9.910142e+01
5.836725e-04	3.737172e-03	9.910516e+01
5.775383e-04	3.697895e-03	9.910886e+01
5.763743e-04	3.690442e-03	9.911255e+01
5.759286e-04	3.687589e-03	9.911623e+01
5.754338e-04	3.684421e-03	9.911992e+01
5.712849e-04	3.657856e-03	9.912358e+01
5.706588e-04	3.653847e-03	9.912723e+01
5.688278e-04	3.642123e-03	9.913087e+01
5.680777e-04	3.637321e-03	9.913451e+01
5.646080e-04	3.615105e-03	9.913813e+01
5.625563e-04	3.601968e-03	9.914173e+01
5.604504e-04	3.588484e-03	9.914532e+01
5.602370e-04	3.587118e-03	9.914890e+01
5.568357e-04	3.565340e-03	9.915247e+01
5.557742e-04	3.558543e-03	9.915603e+01
5.540071e-04	3.547229e-03	9.915957e+01
5.514229e-04	3.530682e-03	9.916310e+01
5.506713e-04	3.525870e-03	9.916663e+01
5.481572e-04	3.509772e-03	9.917014e+01
5.454880e-04	3.492682e-03	9.917363e+01
5.446598e-04	3.487379e-03	9.917712e+01
5.444499e-04	3.486036e-03	9.918061e+01
5.434468e-04	3.479613e-03	9.918409e+01
5.409747e-04	3.463784e-03	9.918755e+01
5.403156e-04	3.459564e-03	9.919101e+01
5.377053e-04	3.442851e-03	9.919445e+01
5.362349e-04	3.433436e-03	9.919789e+01
5.339214e-04	3.418623e-03	9.920130e+01
5.335682e-04	3.416362e-03	9.920472e+01
5.309239e-04	3.399430e-03	9.920812e+01
5.293680e-04	3.389468e-03	9.921151e+01
5.263916e-04	3.370410e-03	9.921488e+01
5.245034e-04	3.358321e-03	9.921824e+01
5.226443e-04	3.346417e-03	9.922158e+01
5.221956e-04	3.343545e-03	9.922493e+01
5.191165e-04	3.323829e-03	9.922825e+01
5.180933e-04	3.317278e-03	9.923157e+01
5.165585e-04	3.307451e-03	9.923488e+01
5.152087e-04	3.298808e-03	9.923818e+01
5.123568e-04	3.280548e-03	9.924146e+01
5.109853e-04	3.271766e-03	9.924473e+01
5.107433e-04	3.270217e-03	9.924800e+01
5.083910e-04	3.255155e-03	9.925125e+01
5.067107e-04	3.244397e-03	9.925450e+01
5.041888e-04	3.228249e-03	9.925773e+01
5.036558e-04	3.224837e-03	9.926095e+01
5.015204e-04	3.211164e-03	9.926416e+01
4.999662e-04	3.201213e-03	9.926736e+01
4.989100e-04	3.194450e-03	9.927056e+01
4.986873e-04	3.193024e-03	9.927375e+01
4.969630e-04	3.181984e-03	9.927693e+01
4.952912e-04	3.171279e-03	9.928010e+01
4.939302e-04	3.162565e-03	9.928327e+01
4.922424e-04	3.151758e-03	9.928642e+01
4.898728e-04	3.136586e-03	9.928955e+01
4.880065e-04	3.124636e-03	9.929268e+01
4.870074e-04	3.118239e-03	9.929580e+01
4.849573e-04	3.105113e-03	9.929890e+01
4.844165e-04	3.101650e-03	9.930200e+01
4.816989e-04	3.084249e-03	9.930509e+01
4.810141e-04	3.079865e-03	9.930817e+01
4.789112e-04	3.066400e-03	9.931123e+01
4.774064e-04	3.056765e-03	9.931429e+01
4.755589e-04	3.044936e-03	9.931734e+01
4.748169e-04	3.040185e-03	9.932038e+01
4.745365e-04	3.038390e-03	9.932341e+01
4.735869e-04	3.032309e-03	9.932645e+01
4.706239e-04	3.013338e-03	9.932946e+01
4.700017e-04	3.009354e-03	9.933247e+01
4.661844e-04	2.984912e-03	9.933545e+01
4.655301e-04	2.980723e-03	9.933844e+01
4.640165e-04	2.971032e-03	9.934141e+01
4.621710e-04	2.959215e-03	9.934437e+01
4.596445e-04	2.943038e-03	9.934731e+01
4.559889e-04	2.919632e-03	9.935023e+01
4.554793e-04	2.916369e-03	9.935314e+01
4.544264e-04	2.909628e-03	9.935605e+01
4.539459e-04	2.906551e-03	9.935896e+01
4.524178e-04	2.896767e-03	9.936186e+01
4.504129e-04	2.883930e-03	9.936474e+01
4.501731e-04	2.882395e-03	9.936762e+01
4.473418e-04	2.864266e-03	9.937049e+01
4.459528e-04	2.855373e-03	9.937334e+01
4.446200e-04	2.846839e-03	9.937619e+01
4.432273e-04	2.837921e-03	9.937903e+01
4.427200e-04	2.834673e-03	9.938186e+01
4.421214e-04	2.830841e-03	9.938469e+01
4.411841e-04	2.824839e-03	9.938752e+01
4.394962e-04	2.814032e-03	9.939033e+01
4.384579e-04	2.807384e-03	9.939314e+01
4.365605e-04	2.795235e-03	9.939594e+01
4.353590e-04	2.787542e-03	9.939872e+01
4.341521e-04	2.779814e-03	9.940150e+01
4.329455e-04	2.772089e-03	9.940427e+01
4.326007e-04	2.769881e-03	9.940704e+01
4.306399e-04	2.757326e-03	9.940980e+01
4.283704e-04	2.742795e-03	9.941254e+01
4.266052e-04	2.731493e-03	9.941528e+01
4.259424e-04	2.727249e-03	9.941800e+01
4.238528e-04	2.713869e-03	9.942072e+01
4.213547e-04	2.697874e-03	9.942342e+01
4.206895e-04	2.693615e-03	9.942611e+01
4.187718e-04	2.681336e-03	9.942879e+01
4.174164e-04	2.672658e-03	9.943146e+01
4.166547e-04	2.667781e-03	9.943413e+01
4.153620e-04	2.659504e-03	9.943679e+01
4.142277e-04	2.652241e-03	9.943944e+01
4.129875e-04	2.644301e-03	9.944209e+01
4.104545e-04	2.628082e-03	9.944471e+01
4.082210e-04	2.613781e-03	9.944733e+01
4.067193e-04	2.604166e-03	9.944993e+01
4.052275e-04	2.594614e-03	9.945253e+01
4.029569e-04	2.580076e-03	9.945511e+01
4.020360e-04	2.574180e-03	9.945768e+01
4.009678e-04	2.567340e-03	9.946025e+01
3.998772e-04	2.560357e-03	9.946281e+01
3.990822e-04	2.555266e-03	9.946536e+01
3.970134e-04	2.542020e-03	9.946791e+01
3.952845e-04	2.530950e-03	9.947044e+01
3.939667e-04	2.522513e-03	9.947296e+01
3.917732e-04	2.508468e-03	9.947547e+01
3.913338e-04	2.505655e-03	9.947797e+01
3.901981e-04	2.498383e-03	9.948047e+01
3.879117e-04	2.483743e-03	9.948296e+01
3.867166e-04	2.476091e-03	9.948543e+01
3.848491e-04	2.464134e-03	9.948790e+01
3.837045e-04	2.456805e-03	9.949035e+01
3.834626e-04	2.455256e-03	9.949281e+01
3.804404e-04	2.435906e-03	9.949524e+01
3.797768e-04	2.431657e-03	9.949768e+01
3.774381e-04	2.416682e-03	9.950009e+01
3.768670e-04	2.413026e-03	9.950251e+01
3.767085e-04	2.412011e-03	9.950492e+01
3.758535e-04	2.406537e-03	9.950732e+01
3.742827e-04	2.396479e-03	9.950972e+01
3.729227e-04	2.387771e-03	9.951211e+01
3.713407e-04	2.377642e-03	9.951449e+01
3.693303e-04	2.364770e-03	9.951685e+01
3.688103e-04	2.361440e-03	9.951921e+01
3.686253e-04	2.360255e-03	9.952157e+01
3.666904e-04	2.347867e-03	9.952392e+01
3.655154e-04	2.340343e-03	9.952626e+01
3.629724e-04	2.324061e-03	9.952859e+01
3.605579e-04	2.308601e-03	9.953089e+01
3.599209e-04	2.304522e-03	9.953320e+01
3.595522e-04	2.302162e-03	9.953550e+01
3.585465e-04	2.295722e-03	9.953780e+01
3.569296e-04	2.285370e-03	9.954008e+01
3.558265e-04	2.278306e-03	9.954236e+01
3.547801e-04	2.271606e-03	9.954463e+01
3.535127e-04	2.263492e-03	9.954690e+01
3.518847e-04	2.253068e-03	9.954915e+01
3.506063e-04	2.244882e-03	9.955139e+01
3.503622e-04	2.243319e-03	9.955364e+01
3.490263e-04	2.234766e-03	9.955587e+01
3.472540e-04	2.223418e-03	9.955809e+01
3.459389e-04	2.214998e-03	9.956031e+01
3.443901e-04	2.205081e-03	9.956251e+01
3.427655e-04	2.194679e-03	9.956471e+01
3.423889e-04	2.192268e-03	9.956690e+01
3.390118e-04	2.170645e-03	9.956907e+01
3.387896e-04	2.169221e-03	9.957124e+01
3.378582e-04	2.163258e-03	9.957340e+01
3.369367e-04	2.157358e-03	9.957556e+01
3.364049e-04	2.153953e-03	9.957772e+01
3.346629e-04	2.142799e-03	9.957986e+01
3.336749e-04	2.136473e-03	9.958200e+01
3.321797e-04	2.126899e-03	9.958412e+01
3.310735e-04	2.119817e-03	9.958624e+01
3.301254e-04	2.113746e-03	9.958836e+01
3.291996e-04	2.107818e-03	9.959046e+01
3.276544e-04	2.097924e-03	9.959256e+01
3.256260e-04	2.084937e-03	9.959465e+01
3.244556e-04	2.077443e-03	9.959672e+01
3.232240e-04	2.069557e-03	9.959879e+01
3.222870e-04	2.063558e-03	9.960086e+01
3.202142e-04	2.050286e-03	9.960291e+01
3.187068e-04	2.040634e-03	9.960495e+01
3.184825e-04	2.039198e-03	9.960699e+01
3.175092e-04	2.032966e-03	9.960902e+01
3.152954e-04	2.018791e-03	9.961104e+01
3.151263e-04	2.017709e-03	9.961306e+01
3.131077e-04	2.004784e-03	9.961506e+01
3.128962e-04	2.003430e-03	9.961706e+01
3.119955e-04	1.997663e-03	9.961906e+01
3.107096e-04	1.989429e-03	9.962105e+01
3.092210e-04	1.979898e-03	9.962303e+01
3.080261e-04	1.972248e-03	9.962500e+01
3.073380e-04	1.967841e-03	9.962697e+01
3.058275e-04	1.958170e-03	9.962893e+01
3.045095e-04	1.949731e-03	9.963088e+01
3.039241e-04	1.945983e-03	9.963283e+01
3.032627e-04	1.941748e-03	9.963477e+01
3.018440e-04	1.932664e-03	9.963670e+01
3.016606e-04	1.931490e-03	9.963863e+01
2.999231e-04	1.920365e-03	9.964055e+01
2.988012e-04	1.913182e-03	9.964247e+01
2.970417e-04	1.901916e-03	9.964437e+01
2.962097e-04	1.896589e-03	9.964626e+01
2.950360e-04	1.889074e-03	9.964815e+01
2.926597e-04	1.873858e-03	9.965003e+01
2.918749e-04	1.868834e-03	9.965190e+01
2.908692e-04	1.862394e-03	9.965376e+01
2.894592e-04	1.853366e-03	9.965561e+01
2.885802e-04	1.847738e-03	9.965746e+01
2.869953e-04	1.837590e-03	9.965930e+01
2.855331e-04	1.828228e-03	9.966112e+01
2.846172e-04	1.822363e-03	9.966295e+01
2.833363e-04	1.814162e-03	9.966476e+01
2.829518e-04	1.811700e-03	9.966657e+01
2.823135e-04	1.807613e-03	9.966838e+01
2.809944e-04	1.799167e-03	9.967018e+01
2.797107e-04	1.790948e-03	9.967197e+01
2.784759e-04	1.783041e-03	9.967375e+01
2.783352e-04	1.782141e-03	9.967554e+01
2.766659e-04	1.771452e-03	9.967731e+01
2.753484e-04	1.763017e-03	9.967907e+01
2.739526e-04	1.754080e-03	9.968082e+01
2.724083e-04	1.744192e-03	9.968257e+01
2.718590e-04	1.740674e-03	9.968431e+01
2.707982e-04	1.733882e-03	9.968604e+01
2.699590e-04	1.728509e-03	9.968777e+01
2.683705e-04	1.718338e-03	9.968949e+01
2.682545e-04	1.717595e-03	9.969121e+01
2.673893e-04	1.712055e-03	9.969292e+01
2.656471e-04	1.700901e-03	9.969462e+01
2.646791e-04	1.694702e-03	9.969632e+01
2.633202e-04	1.686002e-03	9.969800e+01
2.622064e-04	1.678870e-03	9.969968e+01
2.610507e-04	1.671470e-03	9.970135e+01
2.598781e-04	1.663962e-03	9.970302e+01
2.597110e-04	1.662892e-03	9.970468e+01
2.581257e-04	1.652742e-03	9.970633e+01
2.573096e-04	1.647517e-03	9.970798e+01
2.563333e-04	1.641266e-03	9.970962e+01
2.548667e-04	1.631875e-03	9.971125e+01
2.544870e-04	1.629444e-03	9.971288e+01
2.531803e-04	1.621077e-03	9.971450e+01
2.522714e-04	1.615258e-03	9.971612e+01
2.509575e-04	1.606845e-03	9.971772e+01
2.499830e-04	1.600606e-03	9.971933e+01
2.491980e-04	1.595579e-03	9.972092e+01
2.477682e-04	1.586424e-03	9.972251e+01
2.470487e-04	1.581818e-03	9.972409e+01
2.466617e-04	1.579340e-03	9.972567e+01
2.455738e-04	1.572374e-03	9.972724e+01
2.446825e-04	1.566667e-03	9.972881e+01
2.443172e-04	1.564328e-03	9.973037e+01
2.430746e-04	1.556372e-03	9.973193e+01
2.416102e-04	1.546996e-03	9.973347e+01
2.399494e-04	1.536362e-03	9.973501e+01
2.390651e-04	1.530700e-03	9.973654e+01
2.372811e-04	1.519277e-03	9.973806e+01
2.363088e-04	1.513052e-03	9.973957e+01
2.353839e-04	1.507130e-03	9.974108e+01
2.350227e-04	1.504817e-03	9.974259e+01
2.343694e-04	1.500634e-03	9.974409e+01
2.338187e-04	1.497108e-03	9.974558e+01
2.324964e-04	1.488642e-03	9.974707e+01
2.317557e-04	1.483899e-03	9.974856e+01
2.309484e-04	1.478730e-03	9.975004e+01
2.301503e-04	1.473620e-03	9.975151e+01
2.289450e-04	1.465902e-03	9.975297e+01
2.280530e-04	1.460191e-03	9.975444e+01
2.274202e-04	1.456139e-03	9.975589e+01
2.268155e-04	1.452267e-03	9.975734e+01
2.249771e-04	1.440496e-03	9.975878e+01
2.235429e-04	1.431314e-03	9.976022e+01
2.230348e-04	1.428060e-03	9.976164e+01
2.226347e-04	1.425498e-03	9.976307e+01
2.215944e-04	1.418837e-03	9.976449e+01
2.193373e-04	1.404385e-03	9.976589e+01
2.186972e-04	1.400287e-03	9.976729e+01
2.181866e-04	1.397018e-03	9.976869e+01
2.170000e-04	1.389420e-03	9.977008e+01
2.155205e-04	1.379947e-03	9.977146e+01
2.150446e-04	1.376900e-03	9.977284e+01
2.141029e-04	1.370870e-03	9.977421e+01
2.135646e-04	1.367424e-03	9.977557e+01
2.124800e-04	1.360480e-03	9.977693e+01
2.105925e-04	1.348394e-03	9.977828e+01
2.101620e-04	1.345637e-03	9.977963e+01
2.098439e-04	1.343600e-03	9.978097e+01
2.084302e-04	1.334549e-03	9.978231e+01
2.082508e-04	1.333400e-03	9.978364e+01
2.072680e-04	1.327108e-03	9.978497e+01
2.062833e-04	1.320803e-03	9.978629e+01
2.056491e-04	1.316742e-03	9.978760e+01
2.049786e-04	1.312449e-03	9.978892e+01
2.040110e-04	1.306253e-03	9.979022e+01
2.026877e-04	1.297781e-03	9.979152e+01
2.022702e-04	1.295107e-03	9.979282e+01
2.012389e-04	1.288504e-03	9.979410e+01
2.007458e-04	1.285347e-03	9.979539e+01
2.001660e-04	1.281634e-03	9.979667e+01
1.990539e-04	1.274514e-03	9.979795e+01
1.981074e-04	1.268454e-03	9.979921e+01
1.970031e-04	1.261383e-03	9.980048e+01
1.957903e-04	1.253617e-03	9.980173e+01
1.956724e-04	1.252862e-03	9.980298e+01
1.940442e-04	1.242437e-03	9.980422e+01
1.938278e-04	1.241052e-03	9.980547e+01
1.932847e-04	1.237574e-03	9.980670e+01
1.925357e-04	1.232779e-03	9.980794e+01
1.921715e-04	1.230447e-03	9.980917e+01
1.907078e-04	1.221075e-03	9.981039e+01
1.896268e-04	1.214153e-03	9.981160e+01
1.887590e-04	1.208597e-03	9.981281e+01
1.878942e-04	1.203060e-03	9.981401e+01
1.868510e-04	1.196380e-03	9.981521e+01
1.859016e-04	1.190302e-03	9.981640e+01
1.848679e-04	1.183683e-03	9.981758e+01
1.836638e-04	1.175973e-03	9.981876e+01
1.824134e-04	1.167967e-03	9.981993e+01
1.823397e-04	1.167495e-03	9.982110e+01
1.806211e-04	1.156491e-03	9.982225e+01
1.800032e-04	1.152535e-03	9.982340e+01
1.793787e-04	1.148536e-03	9.982455e+01
1.790126e-04	1.146192e-03	9.982570e+01
1.778754e-04	1.138911e-03	9.982684e+01
1.774241e-04	1.136021e-03	9.982797e+01
1.772275e-04	1.134763e-03	9.982911e+01
1.759201e-04	1.126391e-03	9.983024e+01
1.749240e-04	1.120014e-03	9.983136e+01
1.744723e-04	1.117121e-03	9.983247e+01
1.740716e-04	1.114556e-03	9.983359e+01
1.728361e-04	1.106645e-03	9.983469e+01
1.718899e-04	1.100587e-03	9.983579e+01
1.708554e-04	1.093963e-03	9.983689e+01
1.705815e-04	1.092209e-03	9.983798e+01
1.698996e-04	1.087843e-03	9.983907e+01
1.687121e-04	1.080239e-03	9.984015e+01
1.678002e-04	1.074401e-03	9.984122e+01
1.661630e-04	1.063918e-03	9.984229e+01
1.652460e-04	1.058047e-03	9.984334e+01
1.647949e-04	1.055158e-03	9.984440e+01
1.641459e-04	1.051003e-03	9.984545e+01
1.639808e-04	1.049946e-03	9.984650e+01
1.624622e-04	1.040222e-03	9.984754e+01
1.620634e-04	1.037669e-03	9.984858e+01
1.613909e-04	1.033363e-03	9.984961e+01
1.610520e-04	1.031193e-03	9.985064e+01
1.597375e-04	1.022776e-03	9.985167e+01
1.591028e-04	1.018712e-03	9.985268e+01
1.579274e-04	1.011187e-03	9.985370e+01
1.573014e-04	1.007179e-03	9.985470e+01
1.561922e-04	1.000076e-03	9.985570e+01
1.559852e-04	9.987508e-04	9.985670e+01
1.556216e-04	9.964233e-04	9.985770e+01
1.550840e-04	9.929811e-04	9.985869e+01
1.534843e-04	9.827382e-04	9.985967e+01
1.531485e-04	9.805884e-04	9.986065e+01
1.523650e-04	9.755714e-04	9.986163e+01
1.516499e-04	9.709926e-04	9.986260e+01
1.509373e-04	9.664302e-04	9.986357e+01
1.500907e-04	9.610097e-04	9.986453e+01
1.492458e-04	9.555996e-04	9.986548e+01
1.484295e-04	9.503729e-04	9.986643e+01
1.476124e-04	9.451411e-04	9.986738e+01
1.473395e-04	9.433937e-04	9.986832e+01
1.466639e-04	9.390678e-04	9.986926e+01
1.456891e-04	9.328267e-04	9.987020e+01
1.450151e-04	9.285108e-04	9.987112e+01
1.446509e-04	9.261793e-04	9.987205e+01
1.437162e-04	9.201946e-04	9.987297e+01
1.427148e-04	9.137829e-04	9.987388e+01
1.420545e-04	9.095548e-04	9.987479e+01
1.417919e-04	9.078733e-04	9.987570e+01
1.404141e-04	8.990517e-04	9.987660e+01
1.398145e-04	8.952122e-04	9.987750e+01
1.395339e-04	8.934155e-04	9.987839e+01
1.393601e-04	8.923030e-04	9.987928e+01
1.385929e-04	8.873908e-04	9.988017e+01
1.372982e-04	8.791006e-04	9.988105e+01
1.365260e-04	8.741565e-04	9.988192e+01
1.356067e-04	8.682702e-04	9.988279e+01
1.350498e-04	8.647046e-04	9.988365e+01
1.339272e-04	8.575169e-04	9.988451e+01
1.336030e-04	8.554410e-04	9.988537e+01
1.331465e-04	8.525184e-04	9.988622e+01
1.324935e-04	8.483373e-04	9.988707e+01
1.322283e-04	8.466388e-04	9.988792e+01
1.316127e-04	8.426972e-04	9.988876e+01
1.309049e-04	8.381653e-04	9.988960e+01
1.303460e-04	8.345872e-04	9.989043e+01
1.294099e-04	8.285931e-04	9.989126e+01
1.290865e-04	8.265228e-04	9.989209e+01
1.283179e-04	8.216010e-04	9.989291e+01
1.275739e-04	8.168377e-04	9.989372e+01
1.266908e-04	8.111834e-04	9.989454e+01
1.260781e-04	8.072603e-04	9.989534e+01
1.257836e-04	8.053748e-04	9.989615e+01
1.248425e-04	7.993487e-04	9.989695e+01
1.247649e-04	7.988520e-04	9.989775e+01
1.235199e-04	7.908806e-04	9.989854e+01
1.229248e-04	7.870697e-04	9.989932e+01
1.223005e-04	7.830726e-04	9.990011e+01
1.218629e-04	7.802709e-04	9.990089e+01
1.208839e-04	7.740027e-04	9.990166e+01
1.202939e-04	7.702245e-04	9.990243e+01
1.200302e-04	7.685362e-04	9.990320e+01
1.190233e-04	7.620892e-04	9.990396e+01
1.184367e-04	7.583336e-04	9.990472e+01
1.180965e-04	7.561552e-04	9.990548e+01
1.171306e-04	7.499707e-04	9.990623e+01
1.169194e-04	7.486181e-04	9.990698e+01
1.165327e-04	7.461426e-04	9.990772e+01
1.157218e-04	7.409506e-04	9.990846e+01
1.152167e-04	7.377162e-04	9.990920e+01
1.147893e-04	7.349793e-04	9.990994e+01
1.139690e-04	7.297275e-04	9.991067e+01
1.132958e-04	7.254171e-04	9.991139e+01
1.127061e-04	7.216410e-04	9.991211e+01
1.119945e-04	7.170851e-04	9.991283e+01
1.109392e-04	7.103282e-04	9.991354e+01
1.107720e-04	7.092572e-04	9.991425e+01
1.102736e-04	7.060664e-04	9.991495e+01
1.091002e-04	6.985528e-04	9.991565e+01
1.086042e-04	6.953774e-04	9.991635e+01
1.079381e-04	6.911123e-04	9.991704e+01
1.076702e-04	6.893968e-04	9.991773e+01
1.074376e-04	6.879076e-04	9.991842e+01
1.067439e-04	6.834659e-04	9.991910e+01
1.061526e-04	6.796798e-04	9.991978e+01
1.059366e-04	6.782968e-04	9.992046e+01
1.054504e-04	6.751837e-04	9.992113e+01
1.047637e-04	6.707873e-04	9.992180e+01
1.033803e-04	6.619294e-04	9.992247e+01
1.026845e-04	6.574744e-04	9.992312e+01
1.025523e-04	6.566275e-04	9.992378e+01
1.022574e-04	6.547393e-04	9.992444e+01
1.015381e-04	6.501341e-04	9.992509e+01
1.011120e-04	6.474056e-04	9.992573e+01
1.005918e-04	6.440750e-04	9.992638e+01
1.003015e-04	6.422160e-04	9.992702e+01
9.955274e-05	6.374221e-04	9.992766e+01
9.846630e-05	6.304657e-04	9.992829e+01
9.811928e-05	6.282438e-04	9.992892e+01
9.774638e-05	6.258562e-04	9.992954e+01
9.661851e-05	6.186346e-04	9.993016e+01
9.608955e-05	6.152477e-04	9.993078e+01
9.583644e-05	6.136271e-04	9.993139e+01
9.538152e-05	6.107143e-04	9.993200e+01
9.502343e-05	6.084215e-04	9.993261e+01
9.411466e-05	6.026028e-04	9.993321e+01
9.333422e-05	5.976058e-04	9.993381e+01
9.287691e-05	5.946777e-04	9.993440e+01
9.277164e-05	5.940036e-04	9.993500e+01
9.246176e-05	5.920195e-04	9.993559e+01
9.193274e-05	5.886323e-04	9.993618e+01
9.151460e-05	5.859550e-04	9.993676e+01
9.121742e-05	5.840522e-04	9.993735e+01
9.066458e-05	5.805124e-04	9.993793e+01
9.011955e-05	5.770227e-04	9.993851e+01
8.921159e-05	5.712092e-04	9.993908e+01
8.912961e-05	5.706842e-04	9.993965e+01
8.812967e-05	5.642817e-04	9.994021e+01
8.751841e-05	5.603680e-04	9.994077e+01
8.665521e-05	5.548410e-04	9.994133e+01
8.632046e-05	5.526976e-04	9.994188e+01
8.603220e-05	5.508519e-04	9.994243e+01
8.556952e-05	5.478895e-04	9.994298e+01
8.552613e-05	5.476117e-04	9.994353e+01
8.531253e-05	5.462440e-04	9.994407e+01
8.486652e-05	5.433883e-04	9.994462e+01
8.401405e-05	5.379301e-04	9.994515e+01
8.363613e-05	5.355103e-04	9.994569e+01
8.323878e-05	5.329661e-04	9.994622e+01
8.289580e-05	5.307700e-04	9.994675e+01
8.229948e-05	5.269518e-04	9.994728e+01
8.184678e-05	5.240533e-04	9.994780e+01
8.132300e-05	5.206996e-04	9.994832e+01
8.081632e-05	5.174554e-04	9.994884e+01
8.068049e-05	5.165857e-04	9.994936e+01
8.009855e-05	5.128596e-04	9.994987e+01
7.965047e-05	5.099906e-04	9.995038e+01
7.833883e-05	5.015924e-04	9.995088e+01
7.806336e-05	4.998286e-04	9.995138e+01
7.735647e-05	4.953025e-04	9.995188e+01
7.701943e-05	4.931445e-04	9.995237e+01
7.669414e-05	4.910617e-04	9.995286e+01
7.574029e-05	4.849543e-04	9.995335e+01
7.551536e-05	4.835141e-04	9.995383e+01
7.525829e-05	4.818681e-04	9.995431e+01
7.451784e-05	4.771271e-04	9.995479e+01
7.402522e-05	4.739730e-04	9.995526e+01
7.370368e-05	4.719142e-04	9.995574e+01
7.320821e-05	4.687418e-04	9.995620e+01
7.266423e-05	4.652587e-04	9.995667e+01
7.241236e-05	4.636460e-04	9.995713e+01
7.163273e-05	4.586542e-04	9.995759e+01
7.128046e-05	4.563987e-04	9.995805e+01
7.073225e-05	4.528886e-04	9.995850e+01
7.017079e-05	4.492936e-04	9.995895e+01
7.000134e-05	4.482086e-04	9.995940e+01
6.970411e-05	4.463055e-04	9.995984e+01
6.949322e-05	4.449552e-04	9.996029e+01
6.878461e-05	4.404181e-04	9.996073e+01
6.862085e-05	4.393696e-04	9.996117e+01
6.822563e-05	4.368390e-04	9.996161e+01
6.731222e-05	4.309906e-04	9.996204e+01
6.677197e-05	4.275314e-04	9.996246e+01
6.608864e-05	4.231562e-04	9.996289e+01
6.582176e-05	4.214474e-04	9.996331e+01
6.508961e-05	4.167595e-04	9.996373e+01
6.445964e-05	4.127259e-04	9.996414e+01
6.415273e-05	4.107608e-04	9.996455e+01
6.344187e-05	4.062093e-04	9.996496e+01
6.310070e-05	4.040248e-04	9.996536e+01
6.284286e-05	4.023739e-04	9.996576e+01
6.246918e-05	3.999813e-04	9.996616e+01
6.215789e-05	3.979882e-04	9.996656e+01
6.183676e-05	3.959320e-04	9.996696e+01
6.151027e-05	3.938415e-04	9.996735e+01
6.126578e-05	3.922761e-04	9.996774e+01
6.086561e-05	3.897139e-04	9.996813e+01
6.019090e-05	3.853938e-04	9.996852e+01
5.927358e-05	3.795203e-04	9.996890e+01
5.913345e-05	3.786231e-04	9.996928e+01
5.851973e-05	3.746935e-04	9.996965e+01
5.838585e-05	3.738363e-04	9.997002e+01
5.790240e-05	3.707408e-04	9.997039e+01
5.758313e-05	3.686966e-04	9.997076e+01
5.695657e-05	3.646848e-04	9.997113e+01
5.678479e-05	3.635849e-04	9.997149e+01
5.602820e-05	3.587406e-04	9.997185e+01
5.579087e-05	3.572210e-04	9.997221e+01
5.548156e-05	3.552405e-04	9.997256e+01
5.498183e-05	3.520408e-04	9.997291e+01
5.477540e-05	3.507191e-04	9.997327e+01
5.387723e-05	3.449682e-04	9.997361e+01
5.357866e-05	3.430566e-04	9.997395e+01
5.317035e-05	3.404422e-04	9.997429e+01
5.283346e-05	3.382851e-04	9.997463e+01
5.247714e-05	3.360037e-04	9.997497e+01
5.220973e-05	3.342915e-04	9.997530e+01
5.188226e-05	3.321947e-04	9.997563e+01
5.175426e-05	3.313752e-04	9.997597e+01
5.141113e-05	3.291782e-04	9.997630e+01
5.126987e-05	3.282737e-04	9.997662e+01
5.031928e-05	3.221872e-04	9.997695e+01
5.018972e-05	3.213576e-04	9.997727e+01
4.968854e-05	3.181487e-04	9.997759e+01
4.925392e-05	3.153658e-04	9.997790e+01
4.900657e-05	3.137821e-04	9.997821e+01
4.886678e-05	3.128870e-04	9.997853e+01
4.782692e-05	3.062290e-04	9.997883e+01
4.769243e-05	3.053678e-04	9.997914e+01
4.754684e-05	3.044357e-04	9.997944e+01
4.739283e-05	3.034496e-04	9.997975e+01
4.694307e-05	3.005698e-04	9.998005e+01
4.681047e-05	2.997208e-04	9.998035e+01
4.630480e-05	2.964831e-04	9.998064e+01
4.594518e-05	2.941805e-04	9.998094e+01
4.563862e-05	2.922176e-04	9.998123e+01
4.528991e-05	2.899849e-04	9.998152e+01
4.502424e-05	2.882838e-04	9.998181e+01
4.477639e-05	2.866968e-04	9.998209e+01
4.449781e-05	2.849132e-04	9.998238e+01
4.402700e-05	2.818986e-04	9.998266e+01
4.359913e-05	2.791591e-04	9.998294e+01
4.348459e-05	2.784257e-04	9.998322e+01
4.308363e-05	2.758584e-04	9.998350e+01
4.297733e-05	2.751777e-04	9.998377e+01
4.209674e-05	2.695394e-04	9.998404e+01
4.157529e-05	2.662007e-04	9.998431e+01
4.119378e-05	2.637579e-04	9.998457e+01
4.065535e-05	2.603105e-04	9.998483e+01
4.053763e-05	2.595567e-04	9.998509e+01
4.033670e-05	2.582702e-04	9.998535e+01
4.004875e-05	2.564264e-04	9.998560e+01
3.974366e-05	2.544730e-04	9.998586e+01
3.935681e-05	2.519961e-04	9.998611e+01
3.904846e-05	2.500218e-04	9.998636e+01
3.858303e-05	2.470416e-04	9.998661e+01
3.845493e-05	2.462215e-04	9.998685e+01
3.815479e-05	2.442997e-04	9.998710e+01
3.763293e-05	2.409583e-04	9.998734e+01
3.740289e-05	2.394854e-04	9.998758e+01
3.709590e-05	2.375198e-04	9.998782e+01
3.688279e-05	2.361553e-04	9.998805e+01
3.652313e-05	2.338524e-04	9.998829e+01
3.621571e-05	2.318840e-04	9.998852e+01
3.553730e-05	2.275403e-04	9.998875e+01
3.501204e-05	2.241771e-04	9.998897e+01
3.492952e-05	2.236487e-04	9.998919e+01
3.468762e-05	2.220999e-04	9.998942e+01
3.411436e-05	2.184294e-04	9.998963e+01
3.350271e-05	2.145131e-04	9.998985e+01
3.338574e-05	2.137642e-04	9.999006e+01
3.315602e-05	2.122933e-04	9.999027e+01
3.267147e-05	2.091908e-04	9.999048e+01
3.259858e-05	2.087241e-04	9.999069e+01
3.238806e-05	2.073761e-04	9.999090e+01
3.212146e-05	2.056692e-04	9.999111e+01
3.189665e-05	2.042297e-04	9.999131e+01
3.131068e-05	2.004778e-04	9.999151e+01
3.104017e-05	1.987458e-04	9.999171e+01
3.078542e-05	1.971147e-04	9.999191e+01
3.064035e-05	1.961858e-04	9.999210e+01
2.996144e-05	1.918388e-04	9.999229e+01
2.977763e-05	1.906619e-04	9.999249e+01
2.929521e-05	1.875731e-04	9.999267e+01
2.880953e-05	1.844634e-04	9.999286e+01
2.849206e-05	1.824306e-04	9.999304e+01
2.839429e-05	1.818046e-04	9.999322e+01
2.823518e-05	1.807858e-04	9.999340e+01
2.783177e-05	1.782029e-04	9.999358e+01
2.756200e-05	1.764755e-04	9.999376e+01
2.721342e-05	1.742436e-04	9.999393e+01
2.670115e-05	1.709637e-04	9.999410e+01
2.652858e-05	1.698587e-04	9.999427e+01
2.646080e-05	1.694247e-04	9.999444e+01
2.602997e-05	1.666662e-04	9.999461e+01
2.577114e-05	1.650090e-04	9.999477e+01
2.556460e-05	1.636865e-04	9.999494e+01
2.501152e-05	1.601452e-04	9.999510e+01
2.486548e-05	1.592102e-04	9.999526e+01
2.439546e-05	1.562006e-04	9.999541e+01
2.415575e-05	1.546659e-04	9.999557e+01
2.400033e-05	1.536707e-04	9.999572e+01
2.357477e-05	1.509459e-04	9.999587e+01
2.330192e-05	1.491989e-04	9.999602e+01
2.285622e-05	1.463451e-04	9.999617e+01
2.274122e-05	1.456088e-04	9.999631e+01
2.257953e-05	1.445735e-04	9.999646e+01
2.235944e-05	1.431643e-04	9.999660e+01
2.206500e-05	1.412791e-04	9.999674e+01
2.161857e-05	1.384206e-04	9.999688e+01
2.149739e-05	1.376447e-04	9.999702e+01
2.125190e-05	1.360729e-04	9.999715e+01
2.102864e-05	1.346434e-04	9.999729e+01
2.085113e-05	1.335068e-04	9.999742e+01
2.050086e-05	1.312641e-04	9.999755e+01
2.010662e-05	1.287398e-04	9.999768e+01
1.974987e-05	1.264556e-04	9.999781e+01
1.953918e-05	1.251066e-04	9.999793e+01
1.935988e-05	1.239586e-04	9.999806e+01
1.912508e-05	1.224552e-04	9.999818e+01
1.899660e-05	1.216325e-04	9.999830e+01
1.846689e-05	1.182409e-04	9.999842e+01
1.819304e-05	1.164874e-04	9.999854e+01
1.792454e-05	1.147683e-04	9.999865e+01
1.740799e-05	1.114609e-04	9.999876e+01
1.717423e-05	1.099642e-04	9.999887e+01
1.671932e-05	1.070514e-04	9.999898e+01
1.605700e-05	1.028107e-04	9.999908e+01
1.596122e-05	1.021975e-04	9.999918e+01
1.558391e-05	9.978156e-05	9.999928e+01
1.514149e-05	9.694883e-05	9.999938e+01
1.463546e-05	9.370875e-05	9.999947e+01
1.430002e-05	9.156097e-05	9.999957e+01
1.423999e-05	9.117664e-05	9.999966e+01
1.417122e-05	9.073629e-05	9.999975e+01
1.348017e-05	8.631158e-05	9.999983e+01
1.314960e-05	8.419500e-05	9.999992e+01
1.265608e-05	8.103510e-05	1.000000e+02
