eigenvalue	percentage of variance	cumulative percentage of variance
2.276479e-01	1.458800e+00	1.458800e+00
1.907787e-01	1.222537e+00	2.681337e+00
1.307745e-01	8.380216e-01	3.519358e+00
1.181981e-01	7.574302e-01	4.276788e+00
1.137613e-01	7.289984e-01	5.005787e+00
9.865189e-02	6.321752e-01	5.637962e+00
9.111299e-02	5.838648e-01	6.221827e+00
8.811755e-02	5.646697e-01	6.786497e+00
7.901101e-02	5.063137e-01	7.292810e+00
7.807294e-02	5.003024e-01	7.793113e+00
6.802394e-02	4.359070e-01	8.229020e+00
6.666182e-02	4.271783e-01	8.656198e+00
6.317086e-02	4.048078e-01	9.061006e+00
6.084729e-02	3.899180e-01	9.450924e+00
6.035878e-02	3.867876e-01	9.837711e+00
5.897505e-02	3.779204e-01	1.021563e+01
5.585715e-02	3.579405e-01	1.057357e+01
5.455054e-02	3.495675e-01	1.092314e+01
5.238489e-02	3.356897e-01	1.125883e+01
5.153309e-02	3.302313e-01	1.158906e+01
5.091846e-02	3.262927e-01	1.191535e+01
4.977177e-02	3.189445e-01	1.223430e+01
4.904226e-02	3.142697e-01	1.254857e+01
4.830653e-02	3.095550e-01	1.285812e+01
4.733960e-02	3.033588e-01	1.316148e+01
4.671299e-02	2.993434e-01	1.346083e+01
4.611414e-02	2.955059e-01	1.375633e+01
4.591534e-02	2.942320e-01	1.405056e+01
4.478539e-02	2.869911e-01	1.433755e+01
4.455764e-02	2.855317e-01	1.462309e+01
4.405750e-02	2.823266e-01	1.490541e+01
4.364425e-02	2.796785e-01	1.518509e+01
4.271915e-02	2.737503e-01	1.545884e+01
4.224413e-02	2.707063e-01	1.572955e+01
4.125131e-02	2.643442e-01	1.599389e+01
4.100567e-02	2.627701e-01	1.625666e+01
4.072091e-02	2.609453e-01	1.651761e+01
4.010254e-02	2.569827e-01	1.677459e+01
3.959368e-02	2.537219e-01	1.702831e+01
3.893205e-02	2.494821e-01	1.727779e+01
3.861262e-02	2.474351e-01	1.752523e+01
3.827147e-02	2.452490e-01	1.777048e+01
3.808965e-02	2.440838e-01	1.801456e+01
3.754159e-02	2.405718e-01	1.825513e+01
3.695258e-02	2.367973e-01	1.849193e+01
3.659813e-02	2.345260e-01	1.872646e+01
3.642501e-02	2.334166e-01	1.895987e+01
3.596058e-02	2.304405e-01	1.919031e+01
3.561921e-02	2.282529e-01	1.941857e+01
3.527357e-02	2.260380e-01	1.964460e+01
3.499554e-02	2.242563e-01	1.986886e+01
3.404663e-02	2.181756e-01	2.008704e+01
3.346999e-02	2.144804e-01	2.030152e+01
3.325449e-02	2.130995e-01	2.051462e+01
3.289427e-02	2.107911e-01	2.072541e+01
3.247591e-02	2.081102e-01	2.093352e+01
3.241251e-02	2.077040e-01	2.114122e+01
3.194052e-02	2.046793e-01	2.134590e+01
3.163678e-02	2.027330e-01	2.154863e+01
3.114870e-02	1.996053e-01	2.174824e+01
3.108764e-02	1.992140e-01	2.194745e+01
3.085564e-02	1.977273e-01	2.214518e+01
3.072429e-02	1.968856e-01	2.234207e+01
3.009777e-02	1.928707e-01	2.253494e+01
3.002039e-02	1.923749e-01	2.272731e+01
2.965751e-02	1.900495e-01	2.291736e+01
2.946268e-02	1.888010e-01	2.310616e+01
2.914437e-02	1.867612e-01	2.329292e+01
2.891940e-02	1.853196e-01	2.347824e+01
2.868536e-02	1.838198e-01	2.366206e+01
2.848987e-02	1.825671e-01	2.384463e+01
2.828870e-02	1.812780e-01	2.402591e+01
2.800770e-02	1.794773e-01	2.420539e+01
2.792636e-02	1.789560e-01	2.438434e+01
2.761921e-02	1.769878e-01	2.456133e+01
2.721797e-02	1.744166e-01	2.473575e+01
2.719711e-02	1.742829e-01	2.491003e+01
2.710492e-02	1.736921e-01	2.508372e+01
2.697476e-02	1.728580e-01	2.525658e+01
2.647108e-02	1.696304e-01	2.542621e+01
2.639527e-02	1.691446e-01	2.559535e+01
2.624790e-02	1.682002e-01	2.576355e+01
2.621560e-02	1.679932e-01	2.593155e+01
2.596318e-02	1.663757e-01	2.609792e+01
2.582173e-02	1.654693e-01	2.626339e+01
2.576400e-02	1.650993e-01	2.642849e+01
2.567356e-02	1.645198e-01	2.659301e+01
2.540349e-02	1.627891e-01	2.675580e+01
2.524703e-02	1.617865e-01	2.691759e+01
2.521832e-02	1.616026e-01	2.707919e+01
2.493793e-02	1.598058e-01	2.723900e+01
2.486370e-02	1.593301e-01	2.739833e+01
2.469230e-02	1.582317e-01	2.755656e+01
2.453204e-02	1.572048e-01	2.771376e+01
2.435564e-02	1.560744e-01	2.786984e+01
2.430127e-02	1.557260e-01	2.802556e+01
2.415497e-02	1.547884e-01	2.818035e+01
2.407398e-02	1.542694e-01	2.833462e+01
2.393864e-02	1.534022e-01	2.848802e+01
2.386330e-02	1.529194e-01	2.864094e+01
2.381194e-02	1.525902e-01	2.879353e+01
2.358337e-02	1.511255e-01	2.894466e+01
2.343958e-02	1.502041e-01	2.909486e+01
2.338340e-02	1.498441e-01	2.924471e+01
2.327275e-02	1.491351e-01	2.939384e+01
2.312750e-02	1.482043e-01	2.954205e+01
2.309559e-02	1.479998e-01	2.969004e+01
2.291215e-02	1.468243e-01	2.983687e+01
2.276913e-02	1.459078e-01	2.998278e+01
2.264628e-02	1.451205e-01	3.012790e+01
2.260731e-02	1.448708e-01	3.027277e+01
2.256171e-02	1.445786e-01	3.041735e+01
2.249628e-02	1.441593e-01	3.056151e+01
2.231680e-02	1.430092e-01	3.070452e+01
2.226477e-02	1.426758e-01	3.084719e+01
2.225435e-02	1.426090e-01	3.098980e+01
2.202440e-02	1.411355e-01	3.113094e+01
2.195325e-02	1.406795e-01	3.127162e+01
2.184681e-02	1.399974e-01	3.141161e+01
2.180436e-02	1.397254e-01	3.155134e+01
2.179291e-02	1.396520e-01	3.169099e+01
2.162692e-02	1.385883e-01	3.182958e+01
2.151813e-02	1.378912e-01	3.196747e+01
2.143867e-02	1.373820e-01	3.210485e+01
2.138988e-02	1.370693e-01	3.224192e+01
2.131927e-02	1.366169e-01	3.237854e+01
2.119166e-02	1.357992e-01	3.251434e+01
2.116853e-02	1.356509e-01	3.264999e+01
2.099826e-02	1.345598e-01	3.278455e+01
2.096529e-02	1.343485e-01	3.291890e+01
2.092508e-02	1.340908e-01	3.305299e+01
2.084348e-02	1.335679e-01	3.318656e+01
2.082365e-02	1.334409e-01	3.332000e+01
2.074173e-02	1.329159e-01	3.345291e+01
2.069817e-02	1.326368e-01	3.358555e+01
2.057536e-02	1.318498e-01	3.371740e+01
2.050480e-02	1.313976e-01	3.384880e+01
2.043084e-02	1.309237e-01	3.397972e+01
2.030848e-02	1.301396e-01	3.410986e+01
2.022809e-02	1.296244e-01	3.423948e+01
2.012866e-02	1.289873e-01	3.436847e+01
2.008033e-02	1.286776e-01	3.449715e+01
2.003885e-02	1.284118e-01	3.462556e+01
1.999450e-02	1.281276e-01	3.475369e+01
1.998140e-02	1.280436e-01	3.488173e+01
1.990495e-02	1.275537e-01	3.500929e+01
1.987762e-02	1.273786e-01	3.513666e+01
1.976690e-02	1.266691e-01	3.526333e+01
1.974441e-02	1.265249e-01	3.538986e+01
1.962093e-02	1.257337e-01	3.551559e+01
1.959534e-02	1.255697e-01	3.564116e+01
1.950864e-02	1.250141e-01	3.576618e+01
1.947359e-02	1.247895e-01	3.589097e+01
1.943623e-02	1.245501e-01	3.601552e+01
1.939029e-02	1.242557e-01	3.613977e+01
1.933590e-02	1.239072e-01	3.626368e+01
1.928944e-02	1.236094e-01	3.638729e+01
1.926032e-02	1.234228e-01	3.651071e+01
1.909428e-02	1.223588e-01	3.663307e+01
1.904934e-02	1.220708e-01	3.675514e+01
1.901660e-02	1.218611e-01	3.687700e+01
1.897655e-02	1.216044e-01	3.699861e+01
1.893771e-02	1.213555e-01	3.711996e+01
1.891139e-02	1.211868e-01	3.724115e+01
1.886152e-02	1.208673e-01	3.736201e+01
1.869874e-02	1.198241e-01	3.748184e+01
1.864184e-02	1.194595e-01	3.760130e+01
1.859219e-02	1.191414e-01	3.772044e+01
1.852755e-02	1.187272e-01	3.783917e+01
1.850044e-02	1.185534e-01	3.795772e+01
1.843566e-02	1.181383e-01	3.807586e+01
1.837354e-02	1.177402e-01	3.819360e+01
1.834456e-02	1.175545e-01	3.831115e+01
1.830398e-02	1.172945e-01	3.842845e+01
1.825050e-02	1.169518e-01	3.854540e+01
1.821741e-02	1.167398e-01	3.866214e+01
1.818302e-02	1.165194e-01	3.877866e+01
1.813976e-02	1.162421e-01	3.889490e+01
1.809664e-02	1.159658e-01	3.901087e+01
1.804839e-02	1.156566e-01	3.912652e+01
1.802958e-02	1.155361e-01	3.924206e+01
1.796998e-02	1.151542e-01	3.935721e+01
1.784270e-02	1.143386e-01	3.947155e+01
1.783376e-02	1.142812e-01	3.958583e+01
1.782509e-02	1.142257e-01	3.970006e+01
1.777214e-02	1.138864e-01	3.981395e+01
1.773598e-02	1.136547e-01	3.992760e+01
1.767987e-02	1.132951e-01	4.004090e+01
1.762894e-02	1.129688e-01	4.015386e+01
1.761880e-02	1.129037e-01	4.026677e+01
1.757472e-02	1.126213e-01	4.037939e+01
1.751828e-02	1.122596e-01	4.049165e+01
1.749926e-02	1.121377e-01	4.060379e+01
1.745338e-02	1.118437e-01	4.071563e+01
1.740468e-02	1.115316e-01	4.082716e+01
1.735933e-02	1.112411e-01	4.093840e+01
1.734960e-02	1.111787e-01	4.104958e+01
1.729372e-02	1.108206e-01	4.116040e+01
1.723403e-02	1.104381e-01	4.127084e+01
1.717218e-02	1.100417e-01	4.138088e+01
1.714710e-02	1.098810e-01	4.149076e+01
1.708217e-02	1.094649e-01	4.160023e+01
1.706835e-02	1.093764e-01	4.170960e+01
1.701337e-02	1.090241e-01	4.181863e+01
1.696786e-02	1.087324e-01	4.192736e+01
1.691691e-02	1.084060e-01	4.203577e+01
1.689913e-02	1.082920e-01	4.214406e+01
1.685015e-02	1.079781e-01	4.225204e+01
1.681583e-02	1.077582e-01	4.235980e+01
1.677254e-02	1.074808e-01	4.246728e+01
1.676809e-02	1.074523e-01	4.257473e+01
1.672456e-02	1.071734e-01	4.268190e+01
1.669932e-02	1.070116e-01	4.278891e+01
1.664852e-02	1.066861e-01	4.289560e+01
1.662937e-02	1.065633e-01	4.300216e+01
1.659756e-02	1.063595e-01	4.310852e+01
1.651273e-02	1.058159e-01	4.321434e+01
1.647603e-02	1.055807e-01	4.331992e+01
1.647024e-02	1.055436e-01	4.342546e+01
1.645300e-02	1.054331e-01	4.353090e+01
1.643099e-02	1.052921e-01	4.363619e+01
1.639839e-02	1.050832e-01	4.374127e+01
1.632223e-02	1.045951e-01	4.384587e+01
1.626861e-02	1.042516e-01	4.395012e+01
1.625366e-02	1.041558e-01	4.405427e+01
1.621581e-02	1.039132e-01	4.415819e+01
1.614893e-02	1.034846e-01	4.426167e+01
1.611935e-02	1.032951e-01	4.436497e+01
1.610108e-02	1.031780e-01	4.446814e+01
1.606660e-02	1.029570e-01	4.457110e+01
1.601943e-02	1.026548e-01	4.467376e+01
1.596489e-02	1.023053e-01	4.477606e+01
1.594477e-02	1.021763e-01	4.487824e+01
1.591629e-02	1.019938e-01	4.498023e+01
1.586369e-02	1.016568e-01	4.508189e+01
1.584725e-02	1.015514e-01	4.518344e+01
1.583312e-02	1.014608e-01	4.528490e+01
1.579506e-02	1.012170e-01	4.538612e+01
1.577293e-02	1.010751e-01	4.548719e+01
1.572890e-02	1.007930e-01	4.558799e+01
1.571438e-02	1.007000e-01	4.568869e+01
1.563712e-02	1.002048e-01	4.578889e+01
1.559389e-02	9.992786e-02	4.588882e+01
1.557718e-02	9.982077e-02	4.598864e+01
1.553786e-02	9.956878e-02	4.608821e+01
1.551548e-02	9.942539e-02	4.618763e+01
1.547669e-02	9.917678e-02	4.628681e+01
1.545139e-02	9.901468e-02	4.638582e+01
1.541113e-02	9.875668e-02	4.648458e+01
1.538854e-02	9.861193e-02	4.658319e+01
1.535845e-02	9.841914e-02	4.668161e+01
1.529489e-02	9.801179e-02	4.677962e+01
1.527476e-02	9.788282e-02	4.687751e+01
1.523599e-02	9.763436e-02	4.697514e+01
1.521087e-02	9.747338e-02	4.707261e+01
1.516349e-02	9.716975e-02	4.716978e+01
1.514384e-02	9.704383e-02	4.726683e+01
1.508390e-02	9.665974e-02	4.736349e+01
1.505217e-02	9.645644e-02	4.745994e+01
1.504360e-02	9.640151e-02	4.755635e+01
1.501314e-02	9.620633e-02	4.765255e+01
1.499200e-02	9.607085e-02	4.774862e+01
1.497710e-02	9.597534e-02	4.784460e+01
1.494724e-02	9.578403e-02	4.794038e+01
1.488997e-02	9.541703e-02	4.803580e+01
1.485493e-02	9.519249e-02	4.813099e+01
1.485257e-02	9.517738e-02	4.822617e+01
1.482727e-02	9.501520e-02	4.832118e+01
1.481511e-02	9.493728e-02	4.841612e+01
1.475300e-02	9.453933e-02	4.851066e+01
1.474673e-02	9.449913e-02	4.860516e+01
1.470877e-02	9.425586e-02	4.869942e+01
1.469767e-02	9.418475e-02	4.879360e+01
1.463666e-02	9.379376e-02	4.888739e+01
1.459859e-02	9.354980e-02	4.898094e+01
1.458469e-02	9.346074e-02	4.907441e+01
1.454809e-02	9.322620e-02	4.916763e+01
1.453681e-02	9.315389e-02	4.926079e+01
1.449829e-02	9.290705e-02	4.935369e+01
1.449501e-02	9.288607e-02	4.944658e+01
1.446764e-02	9.271067e-02	4.953929e+01
1.443301e-02	9.248873e-02	4.963178e+01
1.438336e-02	9.217059e-02	4.972395e+01
1.435556e-02	9.199248e-02	4.981594e+01
1.431092e-02	9.170638e-02	4.990765e+01
1.430572e-02	9.167308e-02	4.999932e+01
1.429825e-02	9.162518e-02	5.009095e+01
1.427508e-02	9.147673e-02	5.018242e+01
1.422747e-02	9.117163e-02	5.027359e+01
1.420126e-02	9.100368e-02	5.036460e+01
1.417044e-02	9.080620e-02	5.045540e+01
1.416235e-02	9.075432e-02	5.054616e+01
1.411518e-02	9.045205e-02	5.063661e+01
1.407767e-02	9.021172e-02	5.072682e+01
1.404246e-02	8.998606e-02	5.081681e+01
1.401893e-02	8.983528e-02	5.090664e+01
1.401597e-02	8.981634e-02	5.099646e+01
1.397300e-02	8.954093e-02	5.108600e+01
1.395780e-02	8.944358e-02	5.117544e+01
1.392785e-02	8.925166e-02	5.126470e+01
1.391653e-02	8.917909e-02	5.135387e+01
1.388546e-02	8.897996e-02	5.144285e+01
1.386148e-02	8.882631e-02	5.153168e+01
1.384947e-02	8.874934e-02	5.162043e+01
1.382607e-02	8.859939e-02	5.170903e+01
1.376604e-02	8.821472e-02	5.179724e+01
1.375235e-02	8.812701e-02	5.188537e+01
1.371074e-02	8.786036e-02	5.197323e+01
1.369932e-02	8.778719e-02	5.206102e+01
1.366891e-02	8.759228e-02	5.214861e+01
1.365351e-02	8.749360e-02	5.223610e+01
1.359095e-02	8.709272e-02	5.232320e+01
1.357483e-02	8.698941e-02	5.241019e+01
1.355270e-02	8.684763e-02	5.249703e+01
1.352663e-02	8.668057e-02	5.258372e+01
1.352198e-02	8.665074e-02	5.267037e+01
1.348768e-02	8.643096e-02	5.275680e+01
1.345465e-02	8.621930e-02	5.284302e+01
1.344012e-02	8.612617e-02	5.292914e+01
1.341563e-02	8.596923e-02	5.301511e+01
1.339790e-02	8.585561e-02	5.310097e+01
1.337143e-02	8.568601e-02	5.318665e+01
1.335185e-02	8.556056e-02	5.327221e+01
1.333439e-02	8.544863e-02	5.335766e+01
1.331373e-02	8.531623e-02	5.344298e+01
1.330208e-02	8.524162e-02	5.352822e+01
1.327376e-02	8.506013e-02	5.361328e+01
1.322331e-02	8.473681e-02	5.369802e+01
1.320566e-02	8.462371e-02	5.378264e+01
1.316254e-02	8.434741e-02	5.386699e+01
1.312131e-02	8.408321e-02	5.395107e+01
1.311642e-02	8.405185e-02	5.403512e+01
1.307860e-02	8.380949e-02	5.411893e+01
1.306181e-02	8.370191e-02	5.420263e+01
1.303534e-02	8.353226e-02	5.428617e+01
1.301579e-02	8.340701e-02	5.436957e+01
1.298377e-02	8.320184e-02	5.445278e+01
1.296869e-02	8.310521e-02	5.453588e+01
1.294178e-02	8.293273e-02	5.461881e+01
1.293007e-02	8.285768e-02	5.470167e+01
1.289969e-02	8.266304e-02	5.478433e+01
1.288961e-02	8.259846e-02	5.486693e+01
1.286986e-02	8.247184e-02	5.494940e+01
1.285126e-02	8.235269e-02	5.503176e+01
1.281258e-02	8.210480e-02	5.511386e+01
1.278692e-02	8.194040e-02	5.519580e+01
1.273703e-02	8.162068e-02	5.527742e+01
1.271940e-02	8.150773e-02	5.535893e+01
1.270328e-02	8.140439e-02	5.544034e+01
1.270042e-02	8.138607e-02	5.552172e+01
1.266379e-02	8.115134e-02	5.560287e+01
1.266183e-02	8.113878e-02	5.568401e+01
1.263032e-02	8.093689e-02	5.576495e+01
1.259500e-02	8.071050e-02	5.584566e+01
1.257236e-02	8.056545e-02	5.592622e+01
1.254712e-02	8.040370e-02	5.600663e+01
1.253878e-02	8.035026e-02	5.608698e+01
1.251541e-02	8.020054e-02	5.616718e+01
1.250492e-02	8.013332e-02	5.624731e+01
1.245453e-02	7.981035e-02	5.632712e+01
1.244354e-02	7.973992e-02	5.640686e+01
1.241967e-02	7.958699e-02	5.648645e+01
1.239361e-02	7.942002e-02	5.656587e+01
1.237122e-02	7.927654e-02	5.664515e+01
1.236412e-02	7.923102e-02	5.672438e+01
1.233505e-02	7.904471e-02	5.680342e+01
1.232167e-02	7.895901e-02	5.688238e+01
1.228575e-02	7.872884e-02	5.696111e+01
1.224807e-02	7.848737e-02	5.703960e+01
1.223934e-02	7.843139e-02	5.711803e+01
1.221386e-02	7.826816e-02	5.719630e+01
1.219738e-02	7.816251e-02	5.727446e+01
1.218753e-02	7.809940e-02	5.735256e+01
1.216904e-02	7.798094e-02	5.743054e+01
1.214320e-02	7.781533e-02	5.750835e+01
1.210588e-02	7.757621e-02	5.758593e+01
1.207546e-02	7.738127e-02	5.766331e+01
1.206395e-02	7.730746e-02	5.774062e+01
1.204204e-02	7.716709e-02	5.781779e+01
1.203051e-02	7.709319e-02	5.789488e+01
1.202037e-02	7.702825e-02	5.797191e+01
1.199027e-02	7.683534e-02	5.804874e+01
1.197354e-02	7.672813e-02	5.812547e+01
1.194688e-02	7.655731e-02	5.820203e+01
1.192569e-02	7.642152e-02	5.827845e+01
1.190754e-02	7.630520e-02	5.835476e+01
1.187981e-02	7.612751e-02	5.843088e+01
1.186291e-02	7.601920e-02	5.850690e+01
1.183138e-02	7.581713e-02	5.858272e+01
1.182304e-02	7.576369e-02	5.865848e+01
1.180429e-02	7.564355e-02	5.873413e+01
1.178167e-02	7.549863e-02	5.880963e+01
1.175605e-02	7.533442e-02	5.888496e+01
1.175447e-02	7.532428e-02	5.896028e+01
1.170300e-02	7.499449e-02	5.903528e+01
1.169273e-02	7.492868e-02	5.911021e+01
1.164771e-02	7.464018e-02	5.918485e+01
1.162954e-02	7.452376e-02	5.925937e+01
1.161579e-02	7.443560e-02	5.933381e+01
1.161388e-02	7.442340e-02	5.940823e+01
1.158733e-02	7.425326e-02	5.948248e+01
1.156829e-02	7.413124e-02	5.955661e+01
1.155740e-02	7.406142e-02	5.963068e+01
1.153918e-02	7.394467e-02	5.970462e+01
1.151147e-02	7.376714e-02	5.977839e+01
1.150305e-02	7.371314e-02	5.985210e+01
1.147873e-02	7.355730e-02	5.992566e+01
1.145025e-02	7.337481e-02	5.999903e+01
1.143009e-02	7.324564e-02	6.007228e+01
1.141303e-02	7.313628e-02	6.014542e+01
1.139923e-02	7.304788e-02	6.021846e+01
1.137202e-02	7.287351e-02	6.029134e+01
1.136249e-02	7.281245e-02	6.036415e+01
1.132991e-02	7.260367e-02	6.043675e+01
1.130282e-02	7.243005e-02	6.050918e+01
1.128535e-02	7.231809e-02	6.058150e+01
1.124407e-02	7.205361e-02	6.065355e+01
1.122408e-02	7.192548e-02	6.072548e+01
1.121084e-02	7.184066e-02	6.079732e+01
1.119788e-02	7.175760e-02	6.086908e+01
1.118712e-02	7.168863e-02	6.094077e+01
1.115555e-02	7.148635e-02	6.101225e+01
1.115432e-02	7.147844e-02	6.108373e+01
1.111225e-02	7.120884e-02	6.115494e+01
1.109525e-02	7.109991e-02	6.122604e+01
1.108340e-02	7.102400e-02	6.129706e+01
1.106759e-02	7.092265e-02	6.136799e+01
1.104269e-02	7.076313e-02	6.143875e+01
1.102775e-02	7.066736e-02	6.150942e+01
1.100309e-02	7.050937e-02	6.157993e+01
1.099621e-02	7.046526e-02	6.165039e+01
1.096106e-02	7.024000e-02	6.172063e+01
1.094943e-02	7.016547e-02	6.179080e+01
1.092559e-02	7.001272e-02	6.186081e+01
1.092142e-02	6.998599e-02	6.193080e+01
1.091177e-02	6.992413e-02	6.200072e+01
1.089767e-02	6.983383e-02	6.207055e+01
1.087676e-02	6.969981e-02	6.214025e+01
1.085838e-02	6.958205e-02	6.220984e+01
1.083937e-02	6.946018e-02	6.227930e+01
1.082978e-02	6.939873e-02	6.234870e+01
1.080820e-02	6.926047e-02	6.241796e+01
1.079809e-02	6.919570e-02	6.248715e+01
1.078712e-02	6.912537e-02	6.255628e+01
1.077094e-02	6.902171e-02	6.262530e+01
1.072871e-02	6.875111e-02	6.269405e+01
1.070258e-02	6.858365e-02	6.276263e+01
1.067317e-02	6.839519e-02	6.283103e+01
1.066925e-02	6.837004e-02	6.289940e+01
1.064225e-02	6.819703e-02	6.296760e+01
1.063029e-02	6.812042e-02	6.303572e+01
1.061245e-02	6.800605e-02	6.310372e+01
1.059447e-02	6.789085e-02	6.317161e+01
1.057772e-02	6.778350e-02	6.323940e+01
1.056445e-02	6.769849e-02	6.330709e+01
1.055303e-02	6.762529e-02	6.337472e+01
1.051643e-02	6.739074e-02	6.344211e+01
1.049538e-02	6.725586e-02	6.350937e+01
1.047412e-02	6.711967e-02	6.357649e+01
1.047156e-02	6.710322e-02	6.364359e+01
1.045829e-02	6.701817e-02	6.371061e+01
1.043420e-02	6.686384e-02	6.377747e+01
1.042152e-02	6.678255e-02	6.384425e+01
1.038901e-02	6.657422e-02	6.391083e+01
1.038246e-02	6.653225e-02	6.397736e+01
1.035845e-02	6.637842e-02	6.404374e+01
1.035262e-02	6.634102e-02	6.411008e+01
1.033902e-02	6.625389e-02	6.417633e+01
1.032399e-02	6.615758e-02	6.424249e+01
1.029758e-02	6.598832e-02	6.430848e+01
1.028813e-02	6.592776e-02	6.437441e+01
1.025943e-02	6.574387e-02	6.444015e+01
1.023900e-02	6.561297e-02	6.450576e+01
1.023313e-02	6.557536e-02	6.457134e+01
1.022643e-02	6.553240e-02	6.463687e+01
1.021557e-02	6.546284e-02	6.470233e+01
1.017812e-02	6.522284e-02	6.476756e+01
1.016265e-02	6.512369e-02	6.483268e+01
1.015489e-02	6.507395e-02	6.489776e+01
1.014267e-02	6.499566e-02	6.496275e+01
1.010977e-02	6.478480e-02	6.502754e+01
1.010443e-02	6.475061e-02	6.509229e+01
1.007942e-02	6.459034e-02	6.515688e+01
1.006582e-02	6.450319e-02	6.522138e+01
1.003622e-02	6.431349e-02	6.528569e+01
1.001800e-02	6.419676e-02	6.534989e+01
1.000288e-02	6.409988e-02	6.541399e+01
9.999013e-03	6.407508e-02	6.547807e+01
9.968579e-03	6.388006e-02	6.554195e+01
9.936447e-03	6.367415e-02	6.560562e+01
9.926217e-03	6.360860e-02	6.566923e+01
9.905523e-03	6.347599e-02	6.573270e+01
9.901482e-03	6.345009e-02	6.579615e+01
9.894695e-03	6.340660e-02	6.585956e+01
9.876839e-03	6.329218e-02	6.592285e+01
9.858123e-03	6.317224e-02	6.598603e+01
9.847927e-03	6.310690e-02	6.604913e+01
9.830805e-03	6.299718e-02	6.611213e+01
9.812066e-03	6.287710e-02	6.617501e+01
9.795465e-03	6.277072e-02	6.623778e+01
9.778117e-03	6.265955e-02	6.630044e+01
9.756868e-03	6.252338e-02	6.636296e+01
9.747976e-03	6.246640e-02	6.642543e+01
9.732874e-03	6.236963e-02	6.648780e+01
9.713094e-03	6.224288e-02	6.655004e+01
9.690674e-03	6.209920e-02	6.661214e+01
9.677467e-03	6.201457e-02	6.667415e+01
9.662022e-03	6.191560e-02	6.673607e+01
9.639628e-03	6.177210e-02	6.679784e+01
9.629801e-03	6.170912e-02	6.685955e+01
9.607947e-03	6.156908e-02	6.692112e+01
9.599460e-03	6.151469e-02	6.698263e+01
9.587163e-03	6.143589e-02	6.704407e+01
9.580361e-03	6.139230e-02	6.710546e+01
9.566857e-03	6.130576e-02	6.716677e+01
9.537604e-03	6.111831e-02	6.722789e+01
9.527611e-03	6.105427e-02	6.728894e+01
9.505763e-03	6.091427e-02	6.734985e+01
9.494719e-03	6.084350e-02	6.741070e+01
9.485667e-03	6.078549e-02	6.747148e+01
9.457630e-03	6.060583e-02	6.753209e+01
9.449308e-03	6.055250e-02	6.759264e+01
9.431372e-03	6.043756e-02	6.765308e+01
9.404980e-03	6.026843e-02	6.771335e+01
9.394936e-03	6.020408e-02	6.777355e+01
9.390845e-03	6.017786e-02	6.783373e+01
9.361840e-03	5.999199e-02	6.789372e+01
9.343149e-03	5.987222e-02	6.795359e+01
9.338824e-03	5.984450e-02	6.801344e+01
9.321368e-03	5.973264e-02	6.807317e+01
9.314014e-03	5.968551e-02	6.813286e+01
9.294821e-03	5.956252e-02	6.819242e+01
9.269687e-03	5.940146e-02	6.825182e+01
9.263291e-03	5.936048e-02	6.831118e+01
9.236373e-03	5.918798e-02	6.837037e+01
9.230599e-03	5.915098e-02	6.842952e+01
9.213156e-03	5.903920e-02	6.848856e+01
9.195614e-03	5.892679e-02	6.854749e+01
9.182582e-03	5.884328e-02	6.860633e+01
9.164036e-03	5.872443e-02	6.866505e+01
9.144128e-03	5.859686e-02	6.872365e+01
9.120990e-03	5.844859e-02	6.878210e+01
9.099522e-03	5.831102e-02	6.884041e+01
9.090900e-03	5.825577e-02	6.889867e+01
9.082607e-03	5.820263e-02	6.895687e+01
9.066785e-03	5.810124e-02	6.901497e+01
9.058407e-03	5.804755e-02	6.907302e+01
9.043735e-03	5.795353e-02	6.913097e+01
9.034708e-03	5.789568e-02	6.918887e+01
9.024811e-03	5.783226e-02	6.924670e+01
8.995719e-03	5.764583e-02	6.930434e+01
8.994823e-03	5.764009e-02	6.936198e+01
8.963851e-03	5.744162e-02	6.941943e+01
8.948259e-03	5.734170e-02	6.947677e+01
8.935183e-03	5.725791e-02	6.953403e+01
8.917185e-03	5.714258e-02	6.959117e+01
8.892688e-03	5.698560e-02	6.964815e+01
8.883886e-03	5.692919e-02	6.970508e+01
8.866510e-03	5.681785e-02	6.976190e+01
8.859992e-03	5.677608e-02	6.981868e+01
8.841232e-03	5.665586e-02	6.987533e+01
8.830731e-03	5.658857e-02	6.993192e+01
8.810590e-03	5.645950e-02	6.998838e+01
8.805253e-03	5.642530e-02	7.004481e+01
8.779165e-03	5.625812e-02	7.010106e+01
8.778240e-03	5.625220e-02	7.015732e+01
8.745827e-03	5.604449e-02	7.021336e+01
8.727812e-03	5.592905e-02	7.026929e+01
8.722314e-03	5.589381e-02	7.032518e+01
8.690963e-03	5.569292e-02	7.038088e+01
8.677473e-03	5.560647e-02	7.043648e+01
8.665259e-03	5.552820e-02	7.049201e+01
8.655555e-03	5.546602e-02	7.054748e+01
8.647942e-03	5.541723e-02	7.060289e+01
8.640789e-03	5.537139e-02	7.065827e+01
8.634802e-03	5.533303e-02	7.071360e+01
8.618948e-03	5.523143e-02	7.076883e+01
8.597112e-03	5.509151e-02	7.082392e+01
8.589765e-03	5.504442e-02	7.087897e+01
8.553831e-03	5.481415e-02	7.093378e+01
8.538196e-03	5.471396e-02	7.098849e+01
8.520848e-03	5.460279e-02	7.104310e+01
8.515605e-03	5.456919e-02	7.109767e+01
8.506804e-03	5.451280e-02	7.115218e+01
8.479743e-03	5.433938e-02	7.120652e+01
8.471537e-03	5.428680e-02	7.126081e+01
8.461454e-03	5.422219e-02	7.131503e+01
8.455167e-03	5.418190e-02	7.136921e+01
8.440051e-03	5.408503e-02	7.142329e+01
8.432473e-03	5.403647e-02	7.147733e+01
8.410881e-03	5.389811e-02	7.153123e+01
8.409908e-03	5.389187e-02	7.158512e+01
8.397612e-03	5.381308e-02	7.163893e+01
8.365870e-03	5.360967e-02	7.169254e+01
8.352817e-03	5.352603e-02	7.174607e+01
8.343715e-03	5.346770e-02	7.179954e+01
8.318680e-03	5.330727e-02	7.185284e+01
8.305694e-03	5.322405e-02	7.190607e+01
8.299131e-03	5.318200e-02	7.195925e+01
8.289195e-03	5.311833e-02	7.201237e+01
8.278108e-03	5.304728e-02	7.206542e+01
8.271707e-03	5.300626e-02	7.211842e+01
8.254203e-03	5.289409e-02	7.217132e+01
8.232717e-03	5.275641e-02	7.222407e+01
8.225003e-03	5.270698e-02	7.227678e+01
8.202596e-03	5.256339e-02	7.232934e+01
8.196247e-03	5.252271e-02	7.238187e+01
8.172386e-03	5.236980e-02	7.243424e+01
8.162740e-03	5.230799e-02	7.248654e+01
8.153534e-03	5.224899e-02	7.253879e+01
8.140964e-03	5.216845e-02	7.259096e+01
8.116012e-03	5.200855e-02	7.264297e+01
8.109412e-03	5.196625e-02	7.269494e+01
8.098720e-03	5.189774e-02	7.274683e+01
8.077694e-03	5.176300e-02	7.279860e+01
8.074568e-03	5.174297e-02	7.285034e+01
8.056800e-03	5.162911e-02	7.290197e+01
8.046323e-03	5.156197e-02	7.295353e+01
8.032045e-03	5.147047e-02	7.300500e+01
8.024205e-03	5.142023e-02	7.305642e+01
8.010970e-03	5.133543e-02	7.310776e+01
7.998330e-03	5.125442e-02	7.315901e+01
7.976972e-03	5.111756e-02	7.321013e+01
7.971228e-03	5.108075e-02	7.326121e+01
7.960020e-03	5.100893e-02	7.331222e+01
7.953880e-03	5.096958e-02	7.336319e+01
7.944587e-03	5.091003e-02	7.341410e+01
7.932623e-03	5.083337e-02	7.346493e+01
7.924922e-03	5.078402e-02	7.351572e+01
7.904590e-03	5.065373e-02	7.356637e+01
7.886264e-03	5.053629e-02	7.361691e+01
7.878877e-03	5.048895e-02	7.366739e+01
7.874086e-03	5.045825e-02	7.371785e+01
7.862352e-03	5.038306e-02	7.376824e+01
7.836818e-03	5.021943e-02	7.381846e+01
7.833504e-03	5.019820e-02	7.386865e+01
7.812553e-03	5.006394e-02	7.391872e+01
7.802302e-03	4.999825e-02	7.396872e+01
7.794169e-03	4.994613e-02	7.401866e+01
7.775644e-03	4.982742e-02	7.406849e+01
7.767965e-03	4.977821e-02	7.411827e+01
7.757702e-03	4.971245e-02	7.416798e+01
7.751066e-03	4.966992e-02	7.421765e+01
7.746103e-03	4.963812e-02	7.426729e+01
7.726333e-03	4.951143e-02	7.431680e+01
7.707281e-03	4.938934e-02	7.436619e+01
7.700621e-03	4.934666e-02	7.441554e+01
7.678058e-03	4.920208e-02	7.446474e+01
7.660413e-03	4.908901e-02	7.451383e+01
7.645077e-03	4.899073e-02	7.456282e+01
7.641176e-03	4.896573e-02	7.461178e+01
7.630348e-03	4.889635e-02	7.466068e+01
7.612410e-03	4.878140e-02	7.470946e+01
7.605753e-03	4.873873e-02	7.475820e+01
7.602493e-03	4.871785e-02	7.480692e+01
7.583221e-03	4.859435e-02	7.485551e+01
7.568616e-03	4.850076e-02	7.490401e+01
7.555745e-03	4.841828e-02	7.495243e+01
7.539102e-03	4.831163e-02	7.500074e+01
7.526191e-03	4.822889e-02	7.504897e+01
7.511124e-03	4.813234e-02	7.509710e+01
7.496768e-03	4.804034e-02	7.514514e+01
7.494320e-03	4.802466e-02	7.519317e+01
7.489929e-03	4.799652e-02	7.524117e+01
7.469799e-03	4.786752e-02	7.528903e+01
7.458697e-03	4.779638e-02	7.533683e+01
7.449099e-03	4.773487e-02	7.538456e+01
7.431283e-03	4.762071e-02	7.543218e+01
7.429541e-03	4.760955e-02	7.547979e+01
7.412360e-03	4.749945e-02	7.552729e+01
7.409531e-03	4.748132e-02	7.557478e+01
7.383953e-03	4.731741e-02	7.562209e+01
7.370597e-03	4.723182e-02	7.566932e+01
7.348769e-03	4.709195e-02	7.571642e+01
7.335007e-03	4.700376e-02	7.576342e+01
7.330494e-03	4.697484e-02	7.581039e+01
7.309792e-03	4.684218e-02	7.585724e+01
7.305492e-03	4.681462e-02	7.590405e+01
7.300276e-03	4.678119e-02	7.595083e+01
7.279863e-03	4.665039e-02	7.599748e+01
7.272563e-03	4.660361e-02	7.604409e+01
7.261054e-03	4.652986e-02	7.609062e+01
7.254198e-03	4.648592e-02	7.613710e+01
7.237340e-03	4.637789e-02	7.618348e+01
7.232525e-03	4.634704e-02	7.622983e+01
7.209752e-03	4.620111e-02	7.627603e+01
7.192421e-03	4.609005e-02	7.632212e+01
7.183283e-03	4.603149e-02	7.636815e+01
7.176973e-03	4.599105e-02	7.641414e+01
7.170141e-03	4.594727e-02	7.646009e+01
7.157496e-03	4.586624e-02	7.650595e+01
7.134885e-03	4.572135e-02	7.655168e+01
7.130293e-03	4.569192e-02	7.659737e+01
7.120909e-03	4.563179e-02	7.664300e+01
7.113334e-03	4.558325e-02	7.668858e+01
7.105641e-03	4.553395e-02	7.673412e+01
7.083096e-03	4.538948e-02	7.677951e+01
7.077651e-03	4.535458e-02	7.682486e+01
7.064695e-03	4.527156e-02	7.687013e+01
7.043588e-03	4.513630e-02	7.691527e+01
7.034710e-03	4.507941e-02	7.696035e+01
7.028041e-03	4.503668e-02	7.700539e+01
7.019654e-03	4.498293e-02	7.705037e+01
7.009372e-03	4.491704e-02	7.709529e+01
6.998966e-03	4.485036e-02	7.714014e+01
6.982902e-03	4.474742e-02	7.718488e+01
6.975760e-03	4.470165e-02	7.722958e+01
6.953254e-03	4.455743e-02	7.727414e+01
6.945312e-03	4.450654e-02	7.731865e+01
6.931478e-03	4.441789e-02	7.736307e+01
6.921952e-03	4.435684e-02	7.740742e+01
6.919494e-03	4.434109e-02	7.745176e+01
6.916946e-03	4.432476e-02	7.749609e+01
6.897725e-03	4.420159e-02	7.754029e+01
6.895939e-03	4.419015e-02	7.758448e+01
6.876584e-03	4.406612e-02	7.762855e+01
6.864320e-03	4.398753e-02	7.767253e+01
6.858158e-03	4.394804e-02	7.771648e+01
6.845808e-03	4.386890e-02	7.776035e+01
6.818779e-03	4.369569e-02	7.780405e+01
6.814787e-03	4.367012e-02	7.784772e+01
6.793143e-03	4.353142e-02	7.789125e+01
6.783998e-03	4.347281e-02	7.793472e+01
6.775667e-03	4.341943e-02	7.797814e+01
6.773072e-03	4.340280e-02	7.802154e+01
6.759417e-03	4.331530e-02	7.806486e+01
6.752961e-03	4.327392e-02	7.810813e+01
6.743301e-03	4.321202e-02	7.815134e+01
6.725325e-03	4.309683e-02	7.819444e+01
6.714189e-03	4.302547e-02	7.823747e+01
6.706619e-03	4.297696e-02	7.828044e+01
6.703571e-03	4.295742e-02	7.832340e+01
6.691603e-03	4.288074e-02	7.836628e+01
6.672068e-03	4.275555e-02	7.840904e+01
6.663572e-03	4.270111e-02	7.845174e+01
6.649546e-03	4.261123e-02	7.849435e+01
6.643009e-03	4.256934e-02	7.853692e+01
6.627692e-03	4.247119e-02	7.857939e+01
6.623258e-03	4.244277e-02	7.862183e+01
6.611757e-03	4.236907e-02	7.866420e+01
6.606531e-03	4.233558e-02	7.870654e+01
6.596098e-03	4.226873e-02	7.874881e+01
6.572898e-03	4.212005e-02	7.879093e+01
6.561418e-03	4.204649e-02	7.883297e+01
6.551920e-03	4.198563e-02	7.887496e+01
6.543190e-03	4.192969e-02	7.891689e+01
6.534125e-03	4.187159e-02	7.895876e+01
6.519374e-03	4.177707e-02	7.900054e+01
6.509859e-03	4.171609e-02	7.904225e+01
6.497694e-03	4.163814e-02	7.908389e+01
6.487984e-03	4.157592e-02	7.912547e+01
6.470832e-03	4.146600e-02	7.916693e+01
6.462891e-03	4.141512e-02	7.920835e+01
6.455859e-03	4.137005e-02	7.924972e+01
6.450414e-03	4.133516e-02	7.929105e+01
6.443824e-03	4.129293e-02	7.933235e+01
6.434847e-03	4.123541e-02	7.937358e+01
6.433741e-03	4.122832e-02	7.941481e+01
6.418081e-03	4.112797e-02	7.945594e+01
6.411611e-03	4.108651e-02	7.949702e+01
6.398322e-03	4.100135e-02	7.953803e+01
6.384511e-03	4.091285e-02	7.957894e+01
6.378771e-03	4.087606e-02	7.961982e+01
6.369904e-03	4.081924e-02	7.966063e+01
6.350109e-03	4.069239e-02	7.970133e+01
6.344058e-03	4.065362e-02	7.974198e+01
6.320211e-03	4.050080e-02	7.978248e+01
6.318168e-03	4.048771e-02	7.982297e+01
6.311559e-03	4.044536e-02	7.986341e+01
6.300847e-03	4.037671e-02	7.990379e+01
6.292509e-03	4.032329e-02	7.994411e+01
6.265575e-03	4.015069e-02	7.998427e+01
6.258948e-03	4.010822e-02	8.002437e+01
6.253451e-03	4.007299e-02	8.006445e+01
6.248869e-03	4.004363e-02	8.010449e+01
6.230005e-03	3.992275e-02	8.014441e+01
6.225790e-03	3.989574e-02	8.018431e+01
6.205363e-03	3.976484e-02	8.022407e+01
6.203729e-03	3.975437e-02	8.026383e+01
6.193716e-03	3.969021e-02	8.030352e+01
6.187973e-03	3.965340e-02	8.034317e+01
6.171705e-03	3.954915e-02	8.038272e+01
6.169857e-03	3.953731e-02	8.042226e+01
6.155385e-03	3.944458e-02	8.046170e+01
6.140373e-03	3.934838e-02	8.050105e+01
6.130284e-03	3.928372e-02	8.054033e+01
6.128856e-03	3.927457e-02	8.057961e+01
6.112543e-03	3.917003e-02	8.061878e+01
6.097058e-03	3.907080e-02	8.065785e+01
6.085827e-03	3.899884e-02	8.069685e+01
6.084625e-03	3.899114e-02	8.073584e+01
6.074676e-03	3.892738e-02	8.077477e+01
6.066501e-03	3.887499e-02	8.081364e+01
6.047046e-03	3.875032e-02	8.085239e+01
6.033950e-03	3.866640e-02	8.089106e+01
6.033131e-03	3.866115e-02	8.092972e+01
6.019343e-03	3.857280e-02	8.096829e+01
6.014440e-03	3.854138e-02	8.100683e+01
5.994017e-03	3.841050e-02	8.104524e+01
5.982782e-03	3.833851e-02	8.108358e+01
5.979315e-03	3.831629e-02	8.112190e+01
5.976139e-03	3.829594e-02	8.116020e+01
5.958943e-03	3.818575e-02	8.119838e+01
5.951093e-03	3.813544e-02	8.123652e+01
5.938758e-03	3.805640e-02	8.127457e+01
5.928796e-03	3.799256e-02	8.131257e+01
5.921831e-03	3.794793e-02	8.135051e+01
5.919656e-03	3.793399e-02	8.138845e+01
5.906406e-03	3.784908e-02	8.142630e+01
5.899675e-03	3.780595e-02	8.146410e+01
5.893594e-03	3.776698e-02	8.150187e+01
5.872945e-03	3.763466e-02	8.153950e+01
5.870549e-03	3.761931e-02	8.157712e+01
5.857675e-03	3.753681e-02	8.161466e+01
5.854160e-03	3.751428e-02	8.165217e+01
5.844197e-03	3.745044e-02	8.168962e+01
5.831860e-03	3.737138e-02	8.172700e+01
5.811063e-03	3.723811e-02	8.176423e+01
5.796027e-03	3.714176e-02	8.180138e+01
5.789908e-03	3.710254e-02	8.183848e+01
5.787781e-03	3.708892e-02	8.187557e+01
5.779855e-03	3.703812e-02	8.191261e+01
5.772739e-03	3.699252e-02	8.194960e+01
5.764629e-03	3.694055e-02	8.198654e+01
5.748078e-03	3.683449e-02	8.202337e+01
5.742727e-03	3.680020e-02	8.206017e+01
5.739993e-03	3.678268e-02	8.209696e+01
5.722683e-03	3.667176e-02	8.213363e+01
5.711895e-03	3.660263e-02	8.217023e+01
5.695304e-03	3.649631e-02	8.220673e+01
5.691636e-03	3.647281e-02	8.224320e+01
5.684239e-03	3.642540e-02	8.227963e+01
5.676808e-03	3.637779e-02	8.231600e+01
5.669635e-03	3.633182e-02	8.235233e+01
5.657737e-03	3.625557e-02	8.238859e+01
5.652209e-03	3.622015e-02	8.242481e+01
5.641396e-03	3.615086e-02	8.246096e+01
5.628798e-03	3.607013e-02	8.249703e+01
5.617546e-03	3.599802e-02	8.253303e+01
5.599509e-03	3.588244e-02	8.256891e+01
5.598395e-03	3.587530e-02	8.260479e+01
5.591263e-03	3.582960e-02	8.264062e+01
5.578866e-03	3.575016e-02	8.267637e+01
5.567861e-03	3.567964e-02	8.271205e+01
5.560971e-03	3.563549e-02	8.274768e+01
5.558020e-03	3.561657e-02	8.278330e+01
5.547750e-03	3.555076e-02	8.281885e+01
5.540133e-03	3.550196e-02	8.285435e+01
5.515366e-03	3.534324e-02	8.288969e+01
5.512805e-03	3.532683e-02	8.292502e+01
5.505807e-03	3.528199e-02	8.296030e+01
5.492542e-03	3.519698e-02	8.299550e+01
5.485135e-03	3.514952e-02	8.303065e+01
5.479953e-03	3.511631e-02	8.306577e+01
5.470834e-03	3.505787e-02	8.310082e+01
5.459121e-03	3.498282e-02	8.313581e+01
5.453001e-03	3.494360e-02	8.317075e+01
5.442671e-03	3.487740e-02	8.320563e+01
5.436809e-03	3.483984e-02	8.324047e+01
5.434143e-03	3.482276e-02	8.327529e+01
5.428589e-03	3.478716e-02	8.331008e+01
5.415192e-03	3.470131e-02	8.334478e+01
5.404922e-03	3.463550e-02	8.337941e+01
5.402567e-03	3.462041e-02	8.341403e+01
5.393745e-03	3.456388e-02	8.344860e+01
5.380910e-03	3.448163e-02	8.348308e+01
5.358633e-03	3.433888e-02	8.351742e+01
5.348358e-03	3.427303e-02	8.355169e+01
5.337010e-03	3.420031e-02	8.358589e+01
5.334511e-03	3.418430e-02	8.362008e+01
5.332713e-03	3.417278e-02	8.365425e+01
5.323176e-03	3.411166e-02	8.368836e+01
5.309607e-03	3.402471e-02	8.372239e+01
5.302186e-03	3.397715e-02	8.375636e+01
5.294970e-03	3.393091e-02	8.379029e+01
5.286033e-03	3.387364e-02	8.382417e+01
5.277973e-03	3.382200e-02	8.385799e+01
5.269605e-03	3.376837e-02	8.389176e+01
5.262414e-03	3.372229e-02	8.392548e+01
5.251296e-03	3.365105e-02	8.395913e+01
5.246626e-03	3.362112e-02	8.399275e+01
5.240690e-03	3.358308e-02	8.402634e+01
5.220438e-03	3.345330e-02	8.405979e+01
5.204882e-03	3.335362e-02	8.409314e+01
5.193788e-03	3.328252e-02	8.412643e+01
5.183264e-03	3.321508e-02	8.415964e+01
5.171295e-03	3.313839e-02	8.419278e+01
5.165410e-03	3.310068e-02	8.422588e+01
5.151128e-03	3.300916e-02	8.425889e+01
5.147931e-03	3.298867e-02	8.429188e+01
5.142055e-03	3.295101e-02	8.432483e+01
5.140670e-03	3.294214e-02	8.435777e+01
5.129547e-03	3.287086e-02	8.439064e+01
5.121773e-03	3.282104e-02	8.442346e+01
5.115387e-03	3.278012e-02	8.445624e+01
5.109881e-03	3.274484e-02	8.448899e+01
5.104612e-03	3.271107e-02	8.452170e+01
5.095492e-03	3.265263e-02	8.455435e+01
5.092060e-03	3.263064e-02	8.458698e+01
5.085774e-03	3.259035e-02	8.461957e+01
5.072800e-03	3.250721e-02	8.465208e+01
5.059669e-03	3.242307e-02	8.468450e+01
5.049540e-03	3.235816e-02	8.471686e+01
5.044665e-03	3.232692e-02	8.474919e+01
5.041586e-03	3.230719e-02	8.478149e+01
5.033662e-03	3.225641e-02	8.481375e+01
5.016252e-03	3.214485e-02	8.484590e+01
5.012211e-03	3.211896e-02	8.487801e+01
5.003505e-03	3.206316e-02	8.491008e+01
5.000096e-03	3.204132e-02	8.494212e+01
4.988967e-03	3.197001e-02	8.497409e+01
4.978221e-03	3.190114e-02	8.500599e+01
4.965560e-03	3.182001e-02	8.503781e+01
4.960684e-03	3.178876e-02	8.506960e+01
4.955707e-03	3.175687e-02	8.510136e+01
4.948355e-03	3.170976e-02	8.513307e+01
4.936553e-03	3.163413e-02	8.516470e+01
4.927444e-03	3.157575e-02	8.519628e+01
4.911048e-03	3.147069e-02	8.522775e+01
4.909220e-03	3.145897e-02	8.525921e+01
4.902060e-03	3.141309e-02	8.529062e+01
4.897059e-03	3.138104e-02	8.532200e+01
4.895150e-03	3.136881e-02	8.535337e+01
4.880644e-03	3.127585e-02	8.538464e+01
4.870420e-03	3.121034e-02	8.541585e+01
4.861817e-03	3.115521e-02	8.544701e+01
4.857807e-03	3.112951e-02	8.547814e+01
4.841616e-03	3.102576e-02	8.550916e+01
4.836099e-03	3.099041e-02	8.554016e+01
4.831300e-03	3.095965e-02	8.557111e+01
4.821211e-03	3.089500e-02	8.560201e+01
4.804552e-03	3.078825e-02	8.563280e+01
4.797120e-03	3.074062e-02	8.566354e+01
4.791517e-03	3.070472e-02	8.569424e+01
4.783098e-03	3.065077e-02	8.572489e+01
4.775787e-03	3.060392e-02	8.575550e+01
4.773576e-03	3.058975e-02	8.578609e+01
4.766798e-03	3.054631e-02	8.581663e+01
4.762557e-03	3.051913e-02	8.584715e+01
4.748670e-03	3.043014e-02	8.587758e+01
4.739984e-03	3.037449e-02	8.590796e+01
4.732432e-03	3.032609e-02	8.593828e+01
4.726917e-03	3.029075e-02	8.596857e+01
4.717722e-03	3.023183e-02	8.599881e+01
4.713477e-03	3.020463e-02	8.602901e+01
4.703710e-03	3.014204e-02	8.605915e+01
4.693484e-03	3.007651e-02	8.608923e+01
4.683204e-03	3.001063e-02	8.611924e+01
4.675120e-03	2.995883e-02	8.614920e+01
4.666086e-03	2.990093e-02	8.617910e+01
4.663888e-03	2.988685e-02	8.620899e+01
4.655845e-03	2.983531e-02	8.623882e+01
4.649317e-03	2.979348e-02	8.626862e+01
4.645379e-03	2.976825e-02	8.629838e+01
4.636558e-03	2.971172e-02	8.632810e+01
4.621496e-03	2.961519e-02	8.635771e+01
4.618458e-03	2.959573e-02	8.638731e+01
4.611348e-03	2.955017e-02	8.641686e+01
4.599571e-03	2.947470e-02	8.644633e+01
4.590485e-03	2.941648e-02	8.647575e+01
4.583638e-03	2.937260e-02	8.650512e+01
4.580354e-03	2.935155e-02	8.653447e+01
4.565923e-03	2.925908e-02	8.656373e+01
4.564076e-03	2.924724e-02	8.659298e+01
4.552612e-03	2.917378e-02	8.662215e+01
4.543320e-03	2.911424e-02	8.665127e+01
4.536834e-03	2.907267e-02	8.668034e+01
4.526086e-03	2.900380e-02	8.670934e+01
4.514722e-03	2.893097e-02	8.673827e+01
4.509460e-03	2.889726e-02	8.676717e+01
4.505379e-03	2.887110e-02	8.679604e+01
4.491182e-03	2.878013e-02	8.682482e+01
4.483880e-03	2.873334e-02	8.685356e+01
4.480436e-03	2.871127e-02	8.688227e+01
4.478394e-03	2.869818e-02	8.691097e+01
4.464673e-03	2.861025e-02	8.693958e+01
4.457636e-03	2.856516e-02	8.696814e+01
4.448117e-03	2.850416e-02	8.699664e+01
4.443039e-03	2.847162e-02	8.702512e+01
4.436735e-03	2.843122e-02	8.705355e+01
4.425433e-03	2.835880e-02	8.708191e+01
4.419788e-03	2.832262e-02	8.711023e+01
4.417025e-03	2.830492e-02	8.713853e+01
4.407095e-03	2.824129e-02	8.716678e+01
4.399074e-03	2.818989e-02	8.719497e+01
4.397805e-03	2.818175e-02	8.722315e+01
4.392237e-03	2.814607e-02	8.725129e+01
4.381807e-03	2.807923e-02	8.727937e+01
4.375507e-03	2.803887e-02	8.730741e+01
4.357892e-03	2.792599e-02	8.733534e+01
4.353233e-03	2.789613e-02	8.736323e+01
4.343974e-03	2.783680e-02	8.739107e+01
4.333754e-03	2.777131e-02	8.741884e+01
4.329969e-03	2.774705e-02	8.744659e+01
4.321141e-03	2.769048e-02	8.747428e+01
4.317269e-03	2.766567e-02	8.750194e+01
4.311802e-03	2.763063e-02	8.752958e+01
4.304728e-03	2.758530e-02	8.755716e+01
4.300610e-03	2.755891e-02	8.758472e+01
4.288014e-03	2.747820e-02	8.761220e+01
4.282900e-03	2.744543e-02	8.763964e+01
4.279358e-03	2.742273e-02	8.766707e+01
4.272068e-03	2.737601e-02	8.769444e+01
4.254553e-03	2.726378e-02	8.772171e+01
4.250280e-03	2.723639e-02	8.774894e+01
4.237796e-03	2.715639e-02	8.777610e+01
4.236964e-03	2.715106e-02	8.780325e+01
4.230599e-03	2.711027e-02	8.783036e+01
4.229844e-03	2.710544e-02	8.785747e+01
4.217223e-03	2.702456e-02	8.788449e+01
4.212301e-03	2.699301e-02	8.791148e+01
4.202826e-03	2.693230e-02	8.793841e+01
4.198368e-03	2.690373e-02	8.796532e+01
4.190872e-03	2.685570e-02	8.799217e+01
4.178853e-03	2.677868e-02	8.801895e+01
4.175117e-03	2.675474e-02	8.804571e+01
4.162888e-03	2.667637e-02	8.807238e+01
4.157289e-03	2.664050e-02	8.809902e+01
4.153526e-03	2.661638e-02	8.812564e+01
4.139764e-03	2.652819e-02	8.815217e+01
4.136735e-03	2.650878e-02	8.817868e+01
4.134510e-03	2.649452e-02	8.820517e+01
4.123294e-03	2.642265e-02	8.823160e+01
4.119374e-03	2.639753e-02	8.825799e+01
4.111828e-03	2.634918e-02	8.828434e+01
4.102937e-03	2.629220e-02	8.831063e+01
4.093271e-03	2.623026e-02	8.833686e+01
4.086888e-03	2.618936e-02	8.836305e+01
4.078111e-03	2.613311e-02	8.838919e+01
4.072323e-03	2.609602e-02	8.841528e+01
4.067721e-03	2.606653e-02	8.844135e+01
4.062755e-03	2.603471e-02	8.846738e+01
4.056862e-03	2.599695e-02	8.849338e+01
4.049411e-03	2.594919e-02	8.851933e+01
4.041030e-03	2.589549e-02	8.854523e+01
4.035119e-03	2.585761e-02	8.857108e+01
4.031040e-03	2.583147e-02	8.859691e+01
4.017617e-03	2.574546e-02	8.862266e+01
4.017311e-03	2.574350e-02	8.864840e+01
4.010596e-03	2.570047e-02	8.867410e+01
3.997573e-03	2.561701e-02	8.869972e+01
3.991152e-03	2.557587e-02	8.872530e+01
3.979289e-03	2.549985e-02	8.875080e+01
3.977575e-03	2.548886e-02	8.877629e+01
3.965164e-03	2.540933e-02	8.880170e+01
3.957370e-03	2.535938e-02	8.882705e+01
3.949648e-03	2.530990e-02	8.885236e+01
3.947097e-03	2.529355e-02	8.887766e+01
3.935856e-03	2.522152e-02	8.890288e+01
3.931677e-03	2.519474e-02	8.892807e+01
3.923131e-03	2.513998e-02	8.895321e+01
3.910797e-03	2.506094e-02	8.897828e+01
3.909086e-03	2.504997e-02	8.900333e+01
3.903192e-03	2.501220e-02	8.902834e+01
3.891668e-03	2.493836e-02	8.905328e+01
3.889285e-03	2.492309e-02	8.907820e+01
3.884263e-03	2.489091e-02	8.910309e+01
3.873848e-03	2.482416e-02	8.912791e+01
3.871441e-03	2.480874e-02	8.915272e+01
3.857553e-03	2.471974e-02	8.917744e+01
3.854710e-03	2.470153e-02	8.920214e+01
3.847244e-03	2.465368e-02	8.922680e+01
3.843142e-03	2.462739e-02	8.925142e+01
3.834491e-03	2.457196e-02	8.927600e+01
3.825132e-03	2.451198e-02	8.930051e+01
3.814088e-03	2.444122e-02	8.932495e+01
3.811913e-03	2.442728e-02	8.934938e+01
3.802884e-03	2.436942e-02	8.937375e+01
3.800343e-03	2.435313e-02	8.939810e+01
3.796750e-03	2.433011e-02	8.942243e+01
3.785859e-03	2.426031e-02	8.944669e+01
3.782292e-03	2.423746e-02	8.947093e+01
3.775496e-03	2.419391e-02	8.949512e+01
3.768357e-03	2.414816e-02	8.951927e+01
3.765346e-03	2.412887e-02	8.954340e+01
3.751810e-03	2.404213e-02	8.956744e+01
3.749214e-03	2.402549e-02	8.959147e+01
3.740549e-03	2.396997e-02	8.961544e+01
3.733133e-03	2.392244e-02	8.963936e+01
3.725458e-03	2.387326e-02	8.966323e+01
3.723777e-03	2.386249e-02	8.968709e+01
3.715435e-03	2.380903e-02	8.971090e+01
3.711043e-03	2.378089e-02	8.973468e+01
3.694295e-03	2.367357e-02	8.975836e+01
3.688032e-03	2.363343e-02	8.978199e+01
3.687365e-03	2.362915e-02	8.980562e+01
3.677083e-03	2.356327e-02	8.982918e+01
3.673654e-03	2.354130e-02	8.985273e+01
3.671577e-03	2.352798e-02	8.987625e+01
3.662700e-03	2.347109e-02	8.989972e+01
3.655229e-03	2.342322e-02	8.992315e+01
3.649877e-03	2.338893e-02	8.994654e+01
3.647406e-03	2.337309e-02	8.996991e+01
3.634714e-03	2.329176e-02	8.999320e+01
3.632054e-03	2.327472e-02	9.001648e+01
3.625945e-03	2.323556e-02	9.003971e+01
3.616385e-03	2.317430e-02	9.006289e+01
3.611885e-03	2.314547e-02	9.008603e+01
3.594909e-03	2.303668e-02	9.010907e+01
3.594093e-03	2.303145e-02	9.013210e+01
3.587790e-03	2.299106e-02	9.015509e+01
3.578803e-03	2.293348e-02	9.017802e+01
3.568236e-03	2.286576e-02	9.020089e+01
3.565696e-03	2.284948e-02	9.022374e+01
3.560341e-03	2.281517e-02	9.024655e+01
3.554474e-03	2.277757e-02	9.026933e+01
3.548788e-03	2.274113e-02	9.029207e+01
3.539225e-03	2.267985e-02	9.031475e+01
3.532692e-03	2.263798e-02	9.033739e+01
3.529701e-03	2.261882e-02	9.036001e+01
3.523675e-03	2.258021e-02	9.038259e+01
3.519372e-03	2.255263e-02	9.040514e+01
3.514930e-03	2.252417e-02	9.042767e+01
3.502319e-03	2.244335e-02	9.045011e+01
3.496341e-03	2.240504e-02	9.047252e+01
3.485438e-03	2.233518e-02	9.049485e+01
3.479677e-03	2.229826e-02	9.051715e+01
3.468375e-03	2.222584e-02	9.053937e+01
3.459193e-03	2.216700e-02	9.056154e+01
3.453939e-03	2.213333e-02	9.058367e+01
3.452189e-03	2.212212e-02	9.060580e+01
3.449911e-03	2.210752e-02	9.062790e+01
3.441098e-03	2.205104e-02	9.064996e+01
3.427876e-03	2.196631e-02	9.067192e+01
3.425382e-03	2.195033e-02	9.069387e+01
3.420928e-03	2.192179e-02	9.071579e+01
3.414050e-03	2.187771e-02	9.073767e+01
3.412412e-03	2.186722e-02	9.075954e+01
3.410561e-03	2.185536e-02	9.078139e+01
3.397053e-03	2.176879e-02	9.080316e+01
3.392548e-03	2.173992e-02	9.082490e+01
3.390417e-03	2.172627e-02	9.084663e+01
3.382894e-03	2.167806e-02	9.086831e+01
3.382393e-03	2.167485e-02	9.088998e+01
3.375301e-03	2.162940e-02	9.091161e+01
3.369441e-03	2.159185e-02	9.093320e+01
3.367442e-03	2.157904e-02	9.095478e+01
3.362905e-03	2.154997e-02	9.097633e+01
3.348975e-03	2.146070e-02	9.099779e+01
3.347659e-03	2.145227e-02	9.101925e+01
3.342040e-03	2.141626e-02	9.104066e+01
3.328713e-03	2.133086e-02	9.106199e+01
3.322557e-03	2.129142e-02	9.108328e+01
3.312157e-03	2.122477e-02	9.110451e+01
3.301662e-03	2.115752e-02	9.112567e+01
3.299095e-03	2.114106e-02	9.114681e+01
3.293416e-03	2.110467e-02	9.116791e+01
3.286999e-03	2.106355e-02	9.118898e+01
3.284371e-03	2.104671e-02	9.121002e+01
3.280008e-03	2.101875e-02	9.123104e+01
3.274937e-03	2.098626e-02	9.125203e+01
3.267895e-03	2.094113e-02	9.127297e+01
3.259606e-03	2.088802e-02	9.129386e+01
3.256079e-03	2.086541e-02	9.131472e+01
3.253198e-03	2.084695e-02	9.133557e+01
3.249031e-03	2.082025e-02	9.135639e+01
3.244251e-03	2.078962e-02	9.137718e+01
3.238013e-03	2.074965e-02	9.139793e+01
3.229313e-03	2.069389e-02	9.141862e+01
3.225066e-03	2.066667e-02	9.143929e+01
3.220311e-03	2.063621e-02	9.145992e+01
3.213510e-03	2.059263e-02	9.148052e+01
3.206946e-03	2.055056e-02	9.150107e+01
3.201242e-03	2.051401e-02	9.152158e+01
3.196433e-03	2.048319e-02	9.154207e+01
3.183951e-03	2.040321e-02	9.156247e+01
3.180346e-03	2.038010e-02	9.158285e+01
3.169584e-03	2.031114e-02	9.160316e+01
3.164657e-03	2.027957e-02	9.162344e+01
3.163016e-03	2.026905e-02	9.164371e+01
3.159768e-03	2.024824e-02	9.166396e+01
3.145199e-03	2.015488e-02	9.168411e+01
3.142982e-03	2.014067e-02	9.170425e+01
3.139571e-03	2.011882e-02	9.172437e+01
3.130351e-03	2.005973e-02	9.174443e+01
3.121911e-03	2.000565e-02	9.176444e+01
3.112537e-03	1.994557e-02	9.178438e+01
3.105892e-03	1.990299e-02	9.180428e+01
3.101047e-03	1.987194e-02	9.182416e+01
3.097043e-03	1.984629e-02	9.184400e+01
3.091075e-03	1.980805e-02	9.186381e+01
3.090128e-03	1.980198e-02	9.188361e+01
3.086515e-03	1.977882e-02	9.190339e+01
3.076149e-03	1.971239e-02	9.192310e+01
3.072906e-03	1.969161e-02	9.194280e+01
3.070154e-03	1.967398e-02	9.196247e+01
3.059073e-03	1.960297e-02	9.198207e+01
3.051543e-03	1.955472e-02	9.200163e+01
3.050415e-03	1.954749e-02	9.202118e+01
3.049118e-03	1.953918e-02	9.204071e+01
3.042167e-03	1.949463e-02	9.206021e+01
3.033175e-03	1.943701e-02	9.207965e+01
3.025767e-03	1.938954e-02	9.209904e+01
3.021105e-03	1.935967e-02	9.211840e+01
3.017027e-03	1.933353e-02	9.213773e+01
3.010333e-03	1.929064e-02	9.215702e+01
3.004248e-03	1.925164e-02	9.217627e+01
2.995464e-03	1.919536e-02	9.219547e+01
2.990892e-03	1.916606e-02	9.221463e+01
2.985351e-03	1.913055e-02	9.223376e+01
2.982059e-03	1.910945e-02	9.225287e+01
2.976239e-03	1.907216e-02	9.227194e+01
2.971945e-03	1.904464e-02	9.229099e+01
2.957862e-03	1.895440e-02	9.230994e+01
2.953788e-03	1.892829e-02	9.232887e+01
2.952300e-03	1.891875e-02	9.234779e+01
2.947294e-03	1.888667e-02	9.236668e+01
2.942596e-03	1.885657e-02	9.238553e+01
2.936913e-03	1.882015e-02	9.240435e+01
2.930244e-03	1.877742e-02	9.242313e+01
2.928036e-03	1.876327e-02	9.244189e+01
2.921653e-03	1.872236e-02	9.246062e+01
2.915637e-03	1.868381e-02	9.247930e+01
2.908235e-03	1.863638e-02	9.249794e+01
2.903246e-03	1.860441e-02	9.251654e+01
2.899244e-03	1.857877e-02	9.253512e+01
2.889167e-03	1.851419e-02	9.255363e+01
2.885973e-03	1.849372e-02	9.257213e+01
2.879634e-03	1.845310e-02	9.259058e+01
2.869035e-03	1.838518e-02	9.260897e+01
2.868800e-03	1.838367e-02	9.262735e+01
2.863078e-03	1.834701e-02	9.264570e+01
2.855669e-03	1.829953e-02	9.266400e+01
2.850148e-03	1.826415e-02	9.268226e+01
2.845410e-03	1.823379e-02	9.270049e+01
2.838397e-03	1.818885e-02	9.271868e+01
2.834780e-03	1.816567e-02	9.273685e+01
2.827932e-03	1.812179e-02	9.275497e+01
2.823924e-03	1.809610e-02	9.277307e+01
2.805800e-03	1.797996e-02	9.279105e+01
2.803671e-03	1.796632e-02	9.280901e+01
2.803245e-03	1.796359e-02	9.282698e+01
2.801327e-03	1.795130e-02	9.284493e+01
2.798972e-03	1.793621e-02	9.286286e+01
2.794041e-03	1.790461e-02	9.288077e+01
2.776649e-03	1.779316e-02	9.289856e+01
2.772287e-03	1.776520e-02	9.291633e+01
2.768550e-03	1.774126e-02	9.293407e+01
2.764238e-03	1.771362e-02	9.295178e+01
2.761887e-03	1.769856e-02	9.296948e+01
2.756978e-03	1.766710e-02	9.298715e+01
2.754496e-03	1.765120e-02	9.300480e+01
2.750930e-03	1.762835e-02	9.302243e+01
2.747302e-03	1.760510e-02	9.304003e+01
2.741645e-03	1.756885e-02	9.305760e+01
2.736775e-03	1.753764e-02	9.307514e+01
2.730997e-03	1.750061e-02	9.309264e+01
2.723201e-03	1.745065e-02	9.311009e+01
2.719644e-03	1.742786e-02	9.312752e+01
2.716052e-03	1.740485e-02	9.314492e+01
2.712098e-03	1.737950e-02	9.316230e+01
2.706819e-03	1.734568e-02	9.317965e+01
2.697179e-03	1.728391e-02	9.319693e+01
2.692238e-03	1.725224e-02	9.321418e+01
2.686700e-03	1.721675e-02	9.323140e+01
2.684863e-03	1.720498e-02	9.324861e+01
2.678798e-03	1.716611e-02	9.326577e+01
2.667424e-03	1.709323e-02	9.328287e+01
2.665517e-03	1.708101e-02	9.329995e+01
2.659210e-03	1.704059e-02	9.331699e+01
2.656810e-03	1.702521e-02	9.333401e+01
2.654516e-03	1.701051e-02	9.335102e+01
2.648746e-03	1.697354e-02	9.336800e+01
2.643508e-03	1.693997e-02	9.338494e+01
2.638228e-03	1.690613e-02	9.340184e+01
2.628330e-03	1.684271e-02	9.341869e+01
2.627273e-03	1.683593e-02	9.343552e+01
2.618690e-03	1.678094e-02	9.345230e+01
2.612207e-03	1.673939e-02	9.346904e+01
2.608634e-03	1.671650e-02	9.348576e+01
2.602815e-03	1.667920e-02	9.350244e+01
2.594392e-03	1.662523e-02	9.351906e+01
2.591586e-03	1.660725e-02	9.353567e+01
2.585922e-03	1.657095e-02	9.355224e+01
2.580403e-03	1.653559e-02	9.356878e+01
2.578561e-03	1.652378e-02	9.358530e+01
2.571317e-03	1.647736e-02	9.360178e+01
2.568721e-03	1.646073e-02	9.361824e+01
2.559347e-03	1.640066e-02	9.363464e+01
2.557259e-03	1.638728e-02	9.365103e+01
2.551982e-03	1.635346e-02	9.366738e+01
2.543588e-03	1.629967e-02	9.368368e+01
2.541664e-03	1.628734e-02	9.369997e+01
2.539227e-03	1.627172e-02	9.371624e+01
2.535940e-03	1.625066e-02	9.373249e+01
2.525222e-03	1.618198e-02	9.374867e+01
2.523622e-03	1.617172e-02	9.376484e+01
2.521872e-03	1.616051e-02	9.378100e+01
2.513716e-03	1.610824e-02	9.379711e+01
2.510654e-03	1.608863e-02	9.381320e+01
2.504115e-03	1.604672e-02	9.382925e+01
2.499413e-03	1.601659e-02	9.384526e+01
2.494452e-03	1.598480e-02	9.386125e+01
2.490774e-03	1.596123e-02	9.387721e+01
2.483429e-03	1.591416e-02	9.389312e+01
2.480977e-03	1.589845e-02	9.390902e+01
2.474435e-03	1.585653e-02	9.392488e+01
2.472003e-03	1.584094e-02	9.394072e+01
2.466628e-03	1.580650e-02	9.395653e+01
2.460470e-03	1.576704e-02	9.397229e+01
2.451540e-03	1.570982e-02	9.398800e+01
2.450509e-03	1.570321e-02	9.400371e+01
2.445844e-03	1.567331e-02	9.401938e+01
2.441742e-03	1.564703e-02	9.403503e+01
2.434857e-03	1.560291e-02	9.405063e+01
2.428792e-03	1.556404e-02	9.406619e+01
2.425195e-03	1.554099e-02	9.408173e+01
2.418013e-03	1.549497e-02	9.409723e+01
2.410165e-03	1.544468e-02	9.411267e+01
2.406728e-03	1.542265e-02	9.412810e+01
2.400580e-03	1.538325e-02	9.414348e+01
2.399705e-03	1.537765e-02	9.415886e+01
2.392481e-03	1.533135e-02	9.417419e+01
2.391448e-03	1.532473e-02	9.418951e+01
2.385446e-03	1.528627e-02	9.420480e+01
2.381499e-03	1.526098e-02	9.422006e+01
2.373690e-03	1.521094e-02	9.423527e+01
2.370772e-03	1.519224e-02	9.425046e+01
2.366491e-03	1.516481e-02	9.426563e+01
2.361864e-03	1.513516e-02	9.428076e+01
2.357627e-03	1.510801e-02	9.429587e+01
2.351392e-03	1.506805e-02	9.431094e+01
2.343635e-03	1.501834e-02	9.432596e+01
2.341016e-03	1.500156e-02	9.434096e+01
2.338112e-03	1.498295e-02	9.435594e+01
2.336883e-03	1.497507e-02	9.437092e+01
2.328895e-03	1.492389e-02	9.438584e+01
2.324908e-03	1.489834e-02	9.440074e+01
2.319683e-03	1.486486e-02	9.441560e+01
2.317179e-03	1.484881e-02	9.443045e+01
2.313263e-03	1.482372e-02	9.444528e+01
2.309698e-03	1.480087e-02	9.446008e+01
2.308499e-03	1.479319e-02	9.447487e+01
2.302040e-03	1.475180e-02	9.448962e+01
2.296294e-03	1.471497e-02	9.450434e+01
2.291569e-03	1.468469e-02	9.451902e+01
2.291224e-03	1.468249e-02	9.453371e+01
2.280906e-03	1.461637e-02	9.454832e+01
2.279550e-03	1.460768e-02	9.456293e+01
2.273689e-03	1.457012e-02	9.457750e+01
2.268085e-03	1.453421e-02	9.459203e+01
2.265020e-03	1.451456e-02	9.460655e+01
2.256784e-03	1.446179e-02	9.462101e+01
2.251520e-03	1.442806e-02	9.463544e+01
2.248119e-03	1.440626e-02	9.464984e+01
2.246711e-03	1.439724e-02	9.466424e+01
2.236799e-03	1.433372e-02	9.467858e+01
2.235291e-03	1.432406e-02	9.469290e+01
2.233302e-03	1.431131e-02	9.470721e+01
2.227728e-03	1.427560e-02	9.472149e+01
2.227580e-03	1.427465e-02	9.473576e+01
2.219975e-03	1.422592e-02	9.474999e+01
2.216540e-03	1.420390e-02	9.476419e+01
2.209526e-03	1.415895e-02	9.477835e+01
2.204655e-03	1.412774e-02	9.479248e+01
2.200746e-03	1.410269e-02	9.480658e+01
2.195870e-03	1.407145e-02	9.482065e+01
2.191945e-03	1.404629e-02	9.483470e+01
2.186535e-03	1.401162e-02	9.484871e+01
2.181401e-03	1.397872e-02	9.486269e+01
2.173296e-03	1.392679e-02	9.487662e+01
2.167850e-03	1.389189e-02	9.489051e+01
2.163322e-03	1.386287e-02	9.490437e+01
2.161914e-03	1.385385e-02	9.491822e+01
2.153653e-03	1.380091e-02	9.493202e+01
2.152728e-03	1.379499e-02	9.494582e+01
2.147252e-03	1.375990e-02	9.495958e+01
2.143846e-03	1.373807e-02	9.497332e+01
2.136797e-03	1.369290e-02	9.498701e+01
2.131861e-03	1.366126e-02	9.500067e+01
2.127642e-03	1.363423e-02	9.501431e+01
2.123852e-03	1.360994e-02	9.502792e+01
2.118809e-03	1.357763e-02	9.504149e+01
2.115409e-03	1.355584e-02	9.505505e+01
2.114183e-03	1.354798e-02	9.506860e+01
2.111196e-03	1.352884e-02	9.508213e+01
2.104755e-03	1.348757e-02	9.509561e+01
2.101369e-03	1.346587e-02	9.510908e+01
2.095270e-03	1.342678e-02	9.512251e+01
2.093442e-03	1.341507e-02	9.513592e+01
2.091582e-03	1.340315e-02	9.514932e+01
2.085415e-03	1.336363e-02	9.516269e+01
2.082029e-03	1.334194e-02	9.517603e+01
2.076480e-03	1.330637e-02	9.518934e+01
2.072971e-03	1.328389e-02	9.520262e+01
2.067160e-03	1.324665e-02	9.521587e+01
2.063172e-03	1.322110e-02	9.522909e+01
2.057863e-03	1.318707e-02	9.524228e+01
2.050293e-03	1.313857e-02	9.525541e+01
2.047952e-03	1.312356e-02	9.526854e+01
2.040456e-03	1.307553e-02	9.528161e+01
2.038661e-03	1.306403e-02	9.529468e+01
2.035426e-03	1.304330e-02	9.530772e+01
2.027805e-03	1.299446e-02	9.532071e+01
2.022372e-03	1.295964e-02	9.533367e+01
2.021679e-03	1.295520e-02	9.534663e+01
2.015861e-03	1.291792e-02	9.535955e+01
2.015191e-03	1.291363e-02	9.537246e+01
2.007226e-03	1.286259e-02	9.538532e+01
2.002164e-03	1.283015e-02	9.539815e+01
2.000484e-03	1.281939e-02	9.541097e+01
1.994428e-03	1.278057e-02	9.542375e+01
1.991403e-03	1.276119e-02	9.543652e+01
1.988876e-03	1.274500e-02	9.544926e+01
1.984306e-03	1.271572e-02	9.546198e+01
1.979844e-03	1.268712e-02	9.547466e+01
1.978095e-03	1.267591e-02	9.548734e+01
1.977195e-03	1.267014e-02	9.550001e+01
1.967937e-03	1.261082e-02	9.551262e+01
1.965635e-03	1.259607e-02	9.552522e+01
1.960865e-03	1.256550e-02	9.553778e+01
1.955794e-03	1.253300e-02	9.555031e+01
1.944317e-03	1.245946e-02	9.556277e+01
1.943098e-03	1.245165e-02	9.557523e+01
1.938415e-03	1.242164e-02	9.558765e+01
1.937759e-03	1.241743e-02	9.560006e+01
1.932399e-03	1.238309e-02	9.561245e+01
1.929769e-03	1.236623e-02	9.562481e+01
1.923317e-03	1.232489e-02	9.563714e+01
1.917203e-03	1.228571e-02	9.564942e+01
1.915021e-03	1.227173e-02	9.566170e+01
1.911455e-03	1.224887e-02	9.567395e+01
1.908311e-03	1.222872e-02	9.568617e+01
1.903132e-03	1.219554e-02	9.569837e+01
1.899587e-03	1.217282e-02	9.571054e+01
1.892295e-03	1.212609e-02	9.572267e+01
1.889682e-03	1.210935e-02	9.573478e+01
1.888858e-03	1.210407e-02	9.574688e+01
1.885027e-03	1.207952e-02	9.575896e+01
1.883391e-03	1.206904e-02	9.577103e+01
1.881539e-03	1.205717e-02	9.578309e+01
1.874255e-03	1.201049e-02	9.579510e+01
1.872303e-03	1.199798e-02	9.580710e+01
1.865356e-03	1.195346e-02	9.581905e+01
1.863007e-03	1.193841e-02	9.583099e+01
1.858064e-03	1.190674e-02	9.584289e+01
1.855828e-03	1.189241e-02	9.585479e+01
1.849003e-03	1.184867e-02	9.586664e+01
1.843841e-03	1.181559e-02	9.587845e+01
1.842149e-03	1.180475e-02	9.589026e+01
1.837260e-03	1.177342e-02	9.590203e+01
1.834553e-03	1.175607e-02	9.591379e+01
1.831128e-03	1.173413e-02	9.592552e+01
1.826245e-03	1.170283e-02	9.593722e+01
1.820773e-03	1.166777e-02	9.594889e+01
1.817587e-03	1.164735e-02	9.596054e+01
1.814110e-03	1.162507e-02	9.597216e+01
1.808412e-03	1.158856e-02	9.598375e+01
1.807076e-03	1.158000e-02	9.599533e+01
1.803528e-03	1.155726e-02	9.600689e+01
1.795597e-03	1.150644e-02	9.601839e+01
1.789808e-03	1.146934e-02	9.602986e+01
1.787904e-03	1.145714e-02	9.604132e+01
1.785807e-03	1.144370e-02	9.605276e+01
1.778461e-03	1.139663e-02	9.606416e+01
1.773124e-03	1.136243e-02	9.607552e+01
1.769464e-03	1.133897e-02	9.608686e+01
1.767954e-03	1.132930e-02	9.609819e+01
1.766941e-03	1.132281e-02	9.610952e+01
1.761468e-03	1.128773e-02	9.612080e+01
1.759393e-03	1.127444e-02	9.613208e+01
1.757991e-03	1.126546e-02	9.614334e+01
1.750517e-03	1.121756e-02	9.615456e+01
1.744700e-03	1.118028e-02	9.616574e+01
1.744106e-03	1.117647e-02	9.617692e+01
1.739504e-03	1.114699e-02	9.618806e+01
1.736705e-03	1.112905e-02	9.619919e+01
1.731052e-03	1.109282e-02	9.621029e+01
1.726867e-03	1.106601e-02	9.622135e+01
1.721590e-03	1.103219e-02	9.623238e+01
1.719177e-03	1.101673e-02	9.624340e+01
1.717808e-03	1.100796e-02	9.625441e+01
1.713354e-03	1.097941e-02	9.626539e+01
1.705885e-03	1.093155e-02	9.627632e+01
1.704093e-03	1.092007e-02	9.628724e+01
1.699473e-03	1.089046e-02	9.629813e+01
1.697453e-03	1.087752e-02	9.630901e+01
1.693319e-03	1.085103e-02	9.631986e+01
1.682960e-03	1.078464e-02	9.633064e+01
1.680046e-03	1.076597e-02	9.634141e+01
1.679632e-03	1.076332e-02	9.635217e+01
1.675207e-03	1.073496e-02	9.636291e+01
1.673626e-03	1.072483e-02	9.637363e+01
1.669274e-03	1.069694e-02	9.638433e+01
1.663092e-03	1.065733e-02	9.639499e+01
1.662039e-03	1.065058e-02	9.640564e+01
1.660833e-03	1.064285e-02	9.641628e+01
1.653874e-03	1.059826e-02	9.642688e+01
1.649769e-03	1.057195e-02	9.643745e+01
1.645191e-03	1.054262e-02	9.644799e+01
1.642871e-03	1.052775e-02	9.645852e+01
1.641165e-03	1.051682e-02	9.646904e+01
1.637382e-03	1.049258e-02	9.647953e+01
1.628840e-03	1.043784e-02	9.648997e+01
1.627706e-03	1.043057e-02	9.650040e+01
1.624747e-03	1.041161e-02	9.651081e+01
1.622125e-03	1.039481e-02	9.652120e+01
1.619105e-03	1.037545e-02	9.653158e+01
1.615685e-03	1.035354e-02	9.654193e+01
1.612533e-03	1.033334e-02	9.655227e+01
1.608158e-03	1.030530e-02	9.656257e+01
1.603345e-03	1.027446e-02	9.657285e+01
1.599375e-03	1.024902e-02	9.658310e+01
1.597526e-03	1.023717e-02	9.659333e+01
1.594038e-03	1.021482e-02	9.660355e+01
1.587970e-03	1.017594e-02	9.661372e+01
1.584564e-03	1.015411e-02	9.662388e+01
1.581025e-03	1.013143e-02	9.663401e+01
1.580481e-03	1.012794e-02	9.664414e+01
1.572174e-03	1.007472e-02	9.665421e+01
1.570826e-03	1.006607e-02	9.666428e+01
1.567946e-03	1.004762e-02	9.667433e+01
1.565917e-03	1.003462e-02	9.668436e+01
1.564790e-03	1.002739e-02	9.669439e+01
1.557860e-03	9.982983e-03	9.670437e+01
1.555811e-03	9.969857e-03	9.671434e+01
1.554938e-03	9.964259e-03	9.672431e+01
1.548609e-03	9.923706e-03	9.673423e+01
1.547713e-03	9.917962e-03	9.674415e+01
1.538720e-03	9.860333e-03	9.675401e+01
1.536945e-03	9.848957e-03	9.676386e+01
1.535445e-03	9.839345e-03	9.677370e+01
1.529181e-03	9.799209e-03	9.678349e+01
1.525670e-03	9.776705e-03	9.679327e+01
1.521087e-03	9.747339e-03	9.680302e+01
1.517946e-03	9.727209e-03	9.681275e+01
1.515703e-03	9.712838e-03	9.682246e+01
1.511451e-03	9.685588e-03	9.683214e+01
1.508179e-03	9.664621e-03	9.684181e+01
1.503823e-03	9.636712e-03	9.685145e+01
1.498554e-03	9.602944e-03	9.686105e+01
1.495756e-03	9.585018e-03	9.687063e+01
1.492894e-03	9.566676e-03	9.688020e+01
1.489221e-03	9.543136e-03	9.688974e+01
1.486978e-03	9.528765e-03	9.689927e+01
1.483307e-03	9.505239e-03	9.690878e+01
1.477172e-03	9.465929e-03	9.691824e+01
1.473689e-03	9.443605e-03	9.692769e+01
1.471823e-03	9.431650e-03	9.693712e+01
1.467788e-03	9.405790e-03	9.694652e+01
1.464880e-03	9.387155e-03	9.695591e+01
1.460333e-03	9.358017e-03	9.696527e+01
1.456011e-03	9.330321e-03	9.697460e+01
1.455098e-03	9.324472e-03	9.698392e+01
1.452102e-03	9.305274e-03	9.699323e+01
1.447638e-03	9.276670e-03	9.700251e+01
1.444500e-03	9.256560e-03	9.701176e+01
1.442979e-03	9.246810e-03	9.702101e+01
1.439039e-03	9.221564e-03	9.703023e+01
1.433059e-03	9.183241e-03	9.703941e+01
1.432985e-03	9.182769e-03	9.704860e+01
1.428959e-03	9.156970e-03	9.705775e+01
1.425586e-03	9.135356e-03	9.706689e+01
1.419427e-03	9.095886e-03	9.707599e+01
1.416174e-03	9.075042e-03	9.708506e+01
1.412764e-03	9.053191e-03	9.709411e+01
1.411223e-03	9.043317e-03	9.710316e+01
1.407055e-03	9.016605e-03	9.711217e+01
1.403512e-03	8.993901e-03	9.712117e+01
1.401071e-03	8.978261e-03	9.713015e+01
1.399078e-03	8.965490e-03	9.713911e+01
1.397559e-03	8.955753e-03	9.714807e+01
1.394882e-03	8.938603e-03	9.715701e+01
1.391318e-03	8.915759e-03	9.716592e+01
1.387461e-03	8.891046e-03	9.717481e+01
1.386808e-03	8.886860e-03	9.718370e+01
1.379324e-03	8.838903e-03	9.719254e+01
1.375875e-03	8.816801e-03	9.720135e+01
1.372131e-03	8.792807e-03	9.721015e+01
1.369522e-03	8.776088e-03	9.721892e+01
1.365128e-03	8.747930e-03	9.722767e+01
1.361770e-03	8.726413e-03	9.723640e+01
1.358060e-03	8.702642e-03	9.724510e+01
1.355276e-03	8.684800e-03	9.725379e+01
1.352534e-03	8.667227e-03	9.726245e+01
1.351238e-03	8.658924e-03	9.727111e+01
1.345925e-03	8.624875e-03	9.727974e+01
1.343470e-03	8.609145e-03	9.728835e+01
1.341323e-03	8.595384e-03	9.729694e+01
1.339079e-03	8.581008e-03	9.730552e+01
1.334306e-03	8.550422e-03	9.731407e+01
1.330208e-03	8.524163e-03	9.732260e+01
1.324429e-03	8.487124e-03	9.733108e+01
1.322518e-03	8.474879e-03	9.733956e+01
1.320273e-03	8.460493e-03	9.734802e+01
1.316859e-03	8.438617e-03	9.735646e+01
1.315516e-03	8.430014e-03	9.736489e+01
1.309802e-03	8.393397e-03	9.737328e+01
1.307273e-03	8.377187e-03	9.738166e+01
1.305448e-03	8.365496e-03	9.739002e+01
1.303269e-03	8.351531e-03	9.739838e+01
1.301691e-03	8.341418e-03	9.740672e+01
1.298173e-03	8.318875e-03	9.741504e+01
1.295139e-03	8.299433e-03	9.742334e+01
1.288301e-03	8.255616e-03	9.743159e+01
1.288002e-03	8.253699e-03	9.743984e+01
1.284222e-03	8.229474e-03	9.744807e+01
1.282352e-03	8.217492e-03	9.745629e+01
1.277007e-03	8.183244e-03	9.746447e+01
1.276084e-03	8.177328e-03	9.747265e+01
1.272709e-03	8.155700e-03	9.748081e+01
1.270315e-03	8.140358e-03	9.748895e+01
1.267560e-03	8.122705e-03	9.749707e+01
1.263897e-03	8.099229e-03	9.750517e+01
1.261652e-03	8.084845e-03	9.751325e+01
1.257505e-03	8.058268e-03	9.752131e+01
1.256109e-03	8.049324e-03	9.752936e+01
1.253492e-03	8.032556e-03	9.753740e+01
1.250253e-03	8.011796e-03	9.754541e+01
1.246971e-03	7.990763e-03	9.755340e+01
1.244593e-03	7.975527e-03	9.756137e+01
1.239805e-03	7.944847e-03	9.756932e+01
1.236759e-03	7.925323e-03	9.757724e+01
1.232768e-03	7.899754e-03	9.758514e+01
1.230276e-03	7.883779e-03	9.759303e+01
1.226949e-03	7.862460e-03	9.760089e+01
1.225335e-03	7.852119e-03	9.760874e+01
1.221417e-03	7.827013e-03	9.761657e+01
1.220073e-03	7.818400e-03	9.762439e+01
1.217581e-03	7.802431e-03	9.763219e+01
1.213901e-03	7.778849e-03	9.763997e+01
1.210335e-03	7.755997e-03	9.764772e+01
1.206376e-03	7.730630e-03	9.765545e+01
1.203530e-03	7.712391e-03	9.766317e+01
1.200628e-03	7.693793e-03	9.767086e+01
1.195822e-03	7.662994e-03	9.767852e+01
1.193683e-03	7.649289e-03	9.768617e+01
1.189719e-03	7.623887e-03	9.769380e+01
1.188855e-03	7.618350e-03	9.770142e+01
1.183672e-03	7.585136e-03	9.770900e+01
1.182138e-03	7.575307e-03	9.771658e+01
1.178786e-03	7.553827e-03	9.772413e+01
1.177373e-03	7.544771e-03	9.773167e+01
1.173682e-03	7.521121e-03	9.773920e+01
1.171425e-03	7.506659e-03	9.774670e+01
1.168999e-03	7.491107e-03	9.775419e+01
1.167174e-03	7.479412e-03	9.776167e+01
1.164379e-03	7.461505e-03	9.776913e+01
1.159042e-03	7.427303e-03	9.777656e+01
1.156876e-03	7.413422e-03	9.778397e+01
1.152839e-03	7.387554e-03	9.779136e+01
1.149075e-03	7.363434e-03	9.779873e+01
1.147933e-03	7.356117e-03	9.780608e+01
1.143684e-03	7.328888e-03	9.781341e+01
1.140496e-03	7.308460e-03	9.782072e+01
1.138628e-03	7.296488e-03	9.782802e+01
1.138217e-03	7.293853e-03	9.783531e+01
1.133513e-03	7.263708e-03	9.784257e+01
1.126987e-03	7.221893e-03	9.784980e+01
1.124487e-03	7.205874e-03	9.785700e+01
1.123324e-03	7.198420e-03	9.786420e+01
1.121456e-03	7.186447e-03	9.787139e+01
1.118518e-03	7.167620e-03	9.787855e+01
1.112816e-03	7.131081e-03	9.788568e+01
1.111517e-03	7.122758e-03	9.789281e+01
1.108107e-03	7.100904e-03	9.789991e+01
1.104946e-03	7.080651e-03	9.790699e+01
1.103813e-03	7.073389e-03	9.791406e+01
1.100769e-03	7.053881e-03	9.792112e+01
1.098590e-03	7.039922e-03	9.792816e+01
1.096211e-03	7.024675e-03	9.793518e+01
1.094188e-03	7.011711e-03	9.794219e+01
1.092493e-03	7.000851e-03	9.794919e+01
1.089313e-03	6.980468e-03	9.795617e+01
1.086867e-03	6.964798e-03	9.796314e+01
1.084635e-03	6.950493e-03	9.797009e+01
1.083646e-03	6.944158e-03	9.797703e+01
1.081978e-03	6.933471e-03	9.798397e+01
1.074130e-03	6.883175e-03	9.799085e+01
1.070653e-03	6.860895e-03	9.799771e+01
1.069493e-03	6.853465e-03	9.800456e+01
1.068597e-03	6.847718e-03	9.801141e+01
1.062993e-03	6.811808e-03	9.801822e+01
1.062357e-03	6.807732e-03	9.802503e+01
1.061112e-03	6.799753e-03	9.803183e+01
1.055977e-03	6.766851e-03	9.803860e+01
1.053736e-03	6.752492e-03	9.804535e+01
1.051566e-03	6.738581e-03	9.805209e+01
1.050065e-03	6.728962e-03	9.805882e+01
1.045517e-03	6.699823e-03	9.806552e+01
1.043838e-03	6.689060e-03	9.807221e+01
1.039024e-03	6.658212e-03	9.807887e+01
1.037302e-03	6.647179e-03	9.808551e+01
1.035879e-03	6.638058e-03	9.809215e+01
1.034579e-03	6.629725e-03	9.809878e+01
1.030632e-03	6.604433e-03	9.810538e+01
1.026805e-03	6.579913e-03	9.811196e+01
1.024060e-03	6.562318e-03	9.811853e+01
1.020492e-03	6.539453e-03	9.812507e+01
1.018521e-03	6.526826e-03	9.813159e+01
1.016784e-03	6.515693e-03	9.813811e+01
1.014046e-03	6.498147e-03	9.814461e+01
1.005587e-03	6.443943e-03	9.815105e+01
1.001678e-03	6.418897e-03	9.815747e+01
1.000614e-03	6.412073e-03	9.816388e+01
9.998297e-04	6.407049e-03	9.817029e+01
9.974799e-04	6.391992e-03	9.817668e+01
9.931408e-04	6.364186e-03	9.818305e+01
9.913830e-04	6.352922e-03	9.818940e+01
9.907786e-04	6.349049e-03	9.819575e+01
9.858217e-04	6.317284e-03	9.820206e+01
9.840551e-04	6.305963e-03	9.820837e+01
9.827414e-04	6.297545e-03	9.821467e+01
9.800938e-04	6.280579e-03	9.822095e+01
9.762043e-04	6.255654e-03	9.822720e+01
9.729611e-04	6.234872e-03	9.823344e+01
9.696360e-04	6.213564e-03	9.823965e+01
9.662629e-04	6.191949e-03	9.824584e+01
9.652786e-04	6.185641e-03	9.825203e+01
9.611183e-04	6.158982e-03	9.825819e+01
9.586257e-04	6.143009e-03	9.826433e+01
9.553461e-04	6.121992e-03	9.827045e+01
9.550386e-04	6.120022e-03	9.827657e+01
9.493922e-04	6.083839e-03	9.828266e+01
9.480599e-04	6.075301e-03	9.828873e+01
9.444439e-04	6.052130e-03	9.829479e+01
9.441819e-04	6.050451e-03	9.830084e+01
9.404557e-04	6.026573e-03	9.830686e+01
9.395747e-04	6.020927e-03	9.831288e+01
9.365415e-04	6.001490e-03	9.831889e+01
9.349471e-04	5.991273e-03	9.832488e+01
9.317033e-04	5.970486e-03	9.833085e+01
9.273207e-04	5.942402e-03	9.833679e+01
9.245377e-04	5.924568e-03	9.834271e+01
9.222096e-04	5.909649e-03	9.834862e+01
9.202681e-04	5.897208e-03	9.835452e+01
9.166009e-04	5.873708e-03	9.836039e+01
9.135975e-04	5.854462e-03	9.836625e+01
9.116467e-04	5.841960e-03	9.837209e+01
9.091588e-04	5.826017e-03	9.837792e+01
9.075163e-04	5.815492e-03	9.838373e+01
9.053463e-04	5.801587e-03	9.838953e+01
9.019546e-04	5.779852e-03	9.839531e+01
9.005968e-04	5.771151e-03	9.840108e+01
8.974170e-04	5.750774e-03	9.840684e+01
8.957984e-04	5.740402e-03	9.841258e+01
8.946121e-04	5.732801e-03	9.841831e+01
8.921019e-04	5.716715e-03	9.842403e+01
8.879324e-04	5.689996e-03	9.842972e+01
8.859351e-04	5.677197e-03	9.843539e+01
8.833010e-04	5.660317e-03	9.844105e+01
8.815716e-04	5.649235e-03	9.844670e+01
8.772426e-04	5.621494e-03	9.845232e+01
8.750683e-04	5.607561e-03	9.845793e+01
8.737044e-04	5.598821e-03	9.846353e+01
8.723426e-04	5.590094e-03	9.846912e+01
8.711929e-04	5.582727e-03	9.847470e+01
8.663133e-04	5.551457e-03	9.848025e+01
8.632951e-04	5.532116e-03	9.848579e+01
8.620689e-04	5.524259e-03	9.849131e+01
8.595254e-04	5.507960e-03	9.849682e+01
8.567338e-04	5.490071e-03	9.850231e+01
8.552047e-04	5.480272e-03	9.850779e+01
8.500186e-04	5.447039e-03	9.851324e+01
8.469021e-04	5.427068e-03	9.851866e+01
8.452149e-04	5.416256e-03	9.852408e+01
8.438676e-04	5.407623e-03	9.852949e+01
8.414080e-04	5.391861e-03	9.853488e+01
8.385184e-04	5.373344e-03	9.854025e+01
8.368002e-04	5.362333e-03	9.854561e+01
8.343631e-04	5.346716e-03	9.855096e+01
8.317801e-04	5.330164e-03	9.855629e+01
8.286135e-04	5.309872e-03	9.856160e+01
8.270994e-04	5.300169e-03	9.856690e+01
8.257736e-04	5.291673e-03	9.857219e+01
8.251402e-04	5.287615e-03	9.857748e+01
8.229349e-04	5.273483e-03	9.858275e+01
8.198582e-04	5.253767e-03	9.858801e+01
8.175587e-04	5.239031e-03	9.859325e+01
8.145568e-04	5.219795e-03	9.859847e+01
8.116354e-04	5.201074e-03	9.860367e+01
8.105163e-04	5.193903e-03	9.860886e+01
8.057847e-04	5.163582e-03	9.861403e+01
8.045882e-04	5.155914e-03	9.861918e+01
8.024556e-04	5.142249e-03	9.862432e+01
7.993659e-04	5.122450e-03	9.862945e+01
7.972103e-04	5.108636e-03	9.863455e+01
7.950064e-04	5.094513e-03	9.863965e+01
7.943712e-04	5.090442e-03	9.864474e+01
7.916119e-04	5.072760e-03	9.864981e+01
7.901150e-04	5.063168e-03	9.865488e+01
7.882867e-04	5.051452e-03	9.865993e+01
7.861110e-04	5.037510e-03	9.866496e+01
7.843576e-04	5.026274e-03	9.866999e+01
7.817685e-04	5.009683e-03	9.867500e+01
7.803731e-04	5.000741e-03	9.868000e+01
7.781845e-04	4.986716e-03	9.868499e+01
7.737807e-04	4.958496e-03	9.868995e+01
7.729371e-04	4.953090e-03	9.869490e+01
7.682341e-04	4.922952e-03	9.869982e+01
7.664357e-04	4.911428e-03	9.870473e+01
7.647299e-04	4.900497e-03	9.870963e+01
7.636696e-04	4.893702e-03	9.871453e+01
7.610965e-04	4.877214e-03	9.871941e+01
7.594980e-04	4.866970e-03	9.872427e+01
7.560490e-04	4.844869e-03	9.872912e+01
7.548906e-04	4.837445e-03	9.873395e+01
7.515209e-04	4.815852e-03	9.873877e+01
7.478319e-04	4.792212e-03	9.874356e+01
7.463717e-04	4.782855e-03	9.874835e+01
7.441170e-04	4.768407e-03	9.875311e+01
7.420259e-04	4.755007e-03	9.875787e+01
7.392583e-04	4.737272e-03	9.876261e+01
7.377539e-04	4.727631e-03	9.876733e+01
7.368239e-04	4.721671e-03	9.877206e+01
7.347820e-04	4.708586e-03	9.877676e+01
7.336356e-04	4.701240e-03	9.878147e+01
7.308996e-04	4.683708e-03	9.878615e+01
7.302869e-04	4.679781e-03	9.879083e+01
7.252290e-04	4.647369e-03	9.879548e+01
7.245090e-04	4.642756e-03	9.880012e+01
7.215233e-04	4.623623e-03	9.880474e+01
7.197604e-04	4.612326e-03	9.880936e+01
7.184157e-04	4.603709e-03	9.881396e+01
7.141306e-04	4.576249e-03	9.881853e+01
7.109388e-04	4.555796e-03	9.882309e+01
7.100983e-04	4.550410e-03	9.882764e+01
7.080836e-04	4.537499e-03	9.883218e+01
7.070979e-04	4.531183e-03	9.883671e+01
7.053580e-04	4.520033e-03	9.884123e+01
7.043862e-04	4.513806e-03	9.884574e+01
6.995238e-04	4.482647e-03	9.885023e+01
6.969856e-04	4.466382e-03	9.885469e+01
6.961461e-04	4.461003e-03	9.885915e+01
6.953208e-04	4.455714e-03	9.886361e+01
6.932323e-04	4.442330e-03	9.886805e+01
6.917980e-04	4.433139e-03	9.887248e+01
6.893055e-04	4.417167e-03	9.887690e+01
6.862718e-04	4.397726e-03	9.888130e+01
6.835732e-04	4.380433e-03	9.888568e+01
6.817052e-04	4.368463e-03	9.889005e+01
6.809541e-04	4.363650e-03	9.889441e+01
6.788036e-04	4.349869e-03	9.889876e+01
6.783983e-04	4.347272e-03	9.890311e+01
6.758595e-04	4.331003e-03	9.890744e+01
6.737359e-04	4.317395e-03	9.891176e+01
6.709337e-04	4.299438e-03	9.891606e+01
6.703836e-04	4.295912e-03	9.892035e+01
6.669780e-04	4.274089e-03	9.892463e+01
6.636642e-04	4.252854e-03	9.892888e+01
6.624799e-04	4.245264e-03	9.893313e+01
6.618381e-04	4.241152e-03	9.893737e+01
6.594369e-04	4.225764e-03	9.894159e+01
6.572879e-04	4.211994e-03	9.894580e+01
6.560365e-04	4.203974e-03	9.895001e+01
6.543408e-04	4.193108e-03	9.895420e+01
6.514488e-04	4.174575e-03	9.895838e+01
6.474644e-04	4.149043e-03	9.896253e+01
6.469579e-04	4.145798e-03	9.896667e+01
6.460901e-04	4.140236e-03	9.897081e+01
6.419481e-04	4.113694e-03	9.897492e+01
6.409928e-04	4.107572e-03	9.897903e+01
6.390537e-04	4.095146e-03	9.898313e+01
6.379788e-04	4.088258e-03	9.898722e+01
6.368605e-04	4.081092e-03	9.899130e+01
6.343101e-04	4.064748e-03	9.899536e+01
6.336573e-04	4.060565e-03	9.899942e+01
6.313842e-04	4.045999e-03	9.900347e+01
6.289357e-04	4.030309e-03	9.900750e+01
6.264127e-04	4.014141e-03	9.901151e+01
6.249024e-04	4.004462e-03	9.901552e+01
6.224789e-04	3.988933e-03	9.901951e+01
6.207167e-04	3.977640e-03	9.902348e+01
6.183398e-04	3.962409e-03	9.902745e+01
6.174952e-04	3.956996e-03	9.903140e+01
6.152059e-04	3.942326e-03	9.903535e+01
6.140376e-04	3.934839e-03	9.903928e+01
6.103902e-04	3.911466e-03	9.904319e+01
6.087869e-04	3.901192e-03	9.904709e+01
6.084100e-04	3.898777e-03	9.905099e+01
6.068298e-04	3.888651e-03	9.905488e+01
6.044285e-04	3.873263e-03	9.905875e+01
6.017457e-04	3.856071e-03	9.906261e+01
5.997542e-04	3.843310e-03	9.906645e+01
5.993361e-04	3.840630e-03	9.907029e+01
5.959234e-04	3.818761e-03	9.907411e+01
5.953144e-04	3.814859e-03	9.907793e+01
5.939017e-04	3.805806e-03	9.908173e+01
5.912135e-04	3.788579e-03	9.908552e+01
5.900552e-04	3.781157e-03	9.908930e+01
5.875989e-04	3.765417e-03	9.909307e+01
5.863760e-04	3.757580e-03	9.909683e+01
5.834999e-04	3.739150e-03	9.910056e+01
5.810607e-04	3.723519e-03	9.910429e+01
5.807320e-04	3.721413e-03	9.910801e+01
5.792776e-04	3.712093e-03	9.911172e+01
5.780057e-04	3.703942e-03	9.911543e+01
5.758634e-04	3.690214e-03	9.911912e+01
5.750436e-04	3.684960e-03	9.912280e+01
5.730101e-04	3.671929e-03	9.912647e+01
5.695709e-04	3.649891e-03	9.913012e+01
5.674458e-04	3.636272e-03	9.913376e+01
5.660518e-04	3.627340e-03	9.913739e+01
5.644888e-04	3.617324e-03	9.914100e+01
5.608684e-04	3.594124e-03	9.914460e+01
5.601509e-04	3.589526e-03	9.914819e+01
5.584610e-04	3.578697e-03	9.915177e+01
5.565137e-04	3.566218e-03	9.915533e+01
5.549689e-04	3.556319e-03	9.915889e+01
5.545783e-04	3.553816e-03	9.916244e+01
5.524849e-04	3.540401e-03	9.916598e+01
5.510351e-04	3.531110e-03	9.916951e+01
5.500310e-04	3.524676e-03	9.917304e+01
5.478027e-04	3.510397e-03	9.917655e+01
5.464046e-04	3.501438e-03	9.918005e+01
5.440042e-04	3.486056e-03	9.918354e+01
5.416913e-04	3.471234e-03	9.918701e+01
5.397253e-04	3.458636e-03	9.919047e+01
5.381605e-04	3.448609e-03	9.919392e+01
5.371499e-04	3.442132e-03	9.919736e+01
5.341085e-04	3.422643e-03	9.920078e+01
5.319275e-04	3.408666e-03	9.920419e+01
5.309122e-04	3.402160e-03	9.920759e+01
5.300851e-04	3.396860e-03	9.921099e+01
5.268471e-04	3.376111e-03	9.921436e+01
5.252256e-04	3.365720e-03	9.921773e+01
5.231237e-04	3.352250e-03	9.922108e+01
5.221447e-04	3.345977e-03	9.922443e+01
5.201335e-04	3.333089e-03	9.922776e+01
5.187073e-04	3.323949e-03	9.923108e+01
5.169444e-04	3.312652e-03	9.923440e+01
5.155023e-04	3.303411e-03	9.923770e+01
5.132747e-04	3.289137e-03	9.924099e+01
5.119567e-04	3.280691e-03	9.924427e+01
5.093702e-04	3.264116e-03	9.924753e+01
5.072036e-04	3.250232e-03	9.925078e+01
5.068402e-04	3.247903e-03	9.925403e+01
5.050913e-04	3.236696e-03	9.925727e+01
5.033095e-04	3.225278e-03	9.926049e+01
5.023574e-04	3.219177e-03	9.926371e+01
5.006598e-04	3.208299e-03	9.926692e+01
4.993117e-04	3.199660e-03	9.927012e+01
4.974301e-04	3.187602e-03	9.927331e+01
4.947973e-04	3.170731e-03	9.927648e+01
4.943016e-04	3.167554e-03	9.927965e+01
4.927969e-04	3.157912e-03	9.928281e+01
4.912087e-04	3.147734e-03	9.928595e+01
4.902108e-04	3.141340e-03	9.928909e+01
4.884917e-04	3.130324e-03	9.929223e+01
4.860951e-04	3.114966e-03	9.929534e+01
4.855323e-04	3.111359e-03	9.929845e+01
4.839241e-04	3.101054e-03	9.930155e+01
4.820215e-04	3.088861e-03	9.930464e+01
4.803288e-04	3.078015e-03	9.930772e+01
4.788326e-04	3.068427e-03	9.931079e+01
4.769065e-04	3.056084e-03	9.931384e+01
4.754349e-04	3.046654e-03	9.931689e+01
4.738193e-04	3.036301e-03	9.931993e+01
4.713623e-04	3.020556e-03	9.932295e+01
4.695283e-04	3.008803e-03	9.932596e+01
4.678760e-04	2.998215e-03	9.932895e+01
4.670612e-04	2.992994e-03	9.933195e+01
4.662763e-04	2.987964e-03	9.933494e+01
4.636986e-04	2.971446e-03	9.933791e+01
4.626385e-04	2.964653e-03	9.934087e+01
4.621495e-04	2.961519e-03	9.934383e+01
4.612584e-04	2.955809e-03	9.934679e+01
4.584165e-04	2.937598e-03	9.934973e+01
4.574804e-04	2.931599e-03	9.935266e+01
4.556624e-04	2.919949e-03	9.935558e+01
4.543785e-04	2.911722e-03	9.935849e+01
4.516866e-04	2.894471e-03	9.936138e+01
4.489602e-04	2.877000e-03	9.936426e+01
4.484571e-04	2.873776e-03	9.936713e+01
4.475243e-04	2.867799e-03	9.937000e+01
4.459428e-04	2.857664e-03	9.937286e+01
4.452441e-04	2.853187e-03	9.937571e+01
4.424724e-04	2.835425e-03	9.937855e+01
4.404999e-04	2.822785e-03	9.938137e+01
4.383098e-04	2.808751e-03	9.938418e+01
4.368830e-04	2.799608e-03	9.938698e+01
4.343064e-04	2.783096e-03	9.938976e+01
4.334214e-04	2.777425e-03	9.939254e+01
4.321967e-04	2.769577e-03	9.939531e+01
4.303335e-04	2.757638e-03	9.939807e+01
4.295061e-04	2.752336e-03	9.940082e+01
4.289610e-04	2.748842e-03	9.940357e+01
4.269060e-04	2.735674e-03	9.940630e+01
4.257499e-04	2.728265e-03	9.940903e+01
4.252557e-04	2.725098e-03	9.941176e+01
4.241559e-04	2.718051e-03	9.941448e+01
4.238113e-04	2.715842e-03	9.941719e+01
4.207665e-04	2.696331e-03	9.941989e+01
4.194956e-04	2.688187e-03	9.942258e+01
4.175289e-04	2.675584e-03	9.942525e+01
4.170484e-04	2.672505e-03	9.942792e+01
4.168065e-04	2.670955e-03	9.943060e+01
4.147218e-04	2.657595e-03	9.943325e+01
4.122636e-04	2.641843e-03	9.943589e+01
4.097432e-04	2.625692e-03	9.943852e+01
4.085806e-04	2.618242e-03	9.944114e+01
4.072380e-04	2.609638e-03	9.944375e+01
4.066934e-04	2.606149e-03	9.944635e+01
4.049275e-04	2.594832e-03	9.944895e+01
4.032841e-04	2.584301e-03	9.945153e+01
4.015818e-04	2.573393e-03	9.945411e+01
4.001453e-04	2.564187e-03	9.945667e+01
3.998354e-04	2.562202e-03	9.945923e+01
3.968955e-04	2.543362e-03	9.946178e+01
3.963714e-04	2.540004e-03	9.946432e+01
3.943150e-04	2.526826e-03	9.946684e+01
3.937024e-04	2.522901e-03	9.946937e+01
3.926417e-04	2.516103e-03	9.947188e+01
3.890717e-04	2.493226e-03	9.947438e+01
3.881427e-04	2.487273e-03	9.947686e+01
3.855486e-04	2.470650e-03	9.947933e+01
3.850390e-04	2.467384e-03	9.948180e+01
3.847025e-04	2.465228e-03	9.948427e+01
3.844419e-04	2.463558e-03	9.948673e+01
3.815622e-04	2.445105e-03	9.948918e+01
3.813511e-04	2.443752e-03	9.949162e+01
3.795518e-04	2.432221e-03	9.949405e+01
3.776965e-04	2.420333e-03	9.949647e+01
3.772823e-04	2.417678e-03	9.949889e+01
3.749437e-04	2.402692e-03	9.950129e+01
3.741027e-04	2.397303e-03	9.950369e+01
3.724861e-04	2.386944e-03	9.950608e+01
3.719723e-04	2.383651e-03	9.950846e+01
3.705887e-04	2.374785e-03	9.951083e+01
3.698392e-04	2.369981e-03	9.951320e+01
3.687665e-04	2.363108e-03	9.951557e+01
3.670173e-04	2.351899e-03	9.951792e+01
3.651626e-04	2.340014e-03	9.952026e+01
3.647484e-04	2.337359e-03	9.952260e+01
3.629024e-04	2.325530e-03	9.952492e+01
3.610094e-04	2.313399e-03	9.952724e+01
3.598666e-04	2.306076e-03	9.952954e+01
3.589707e-04	2.300335e-03	9.953184e+01
3.567584e-04	2.286158e-03	9.953413e+01
3.562450e-04	2.282868e-03	9.953641e+01
3.547526e-04	2.273305e-03	9.953868e+01
3.545083e-04	2.271739e-03	9.954096e+01
3.534809e-04	2.265155e-03	9.954322e+01
3.508909e-04	2.248559e-03	9.954547e+01
3.503317e-04	2.244975e-03	9.954771e+01
3.486308e-04	2.234075e-03	9.954995e+01
3.462561e-04	2.218858e-03	9.955217e+01
3.458479e-04	2.216242e-03	9.955438e+01
3.442599e-04	2.206066e-03	9.955659e+01
3.430120e-04	2.198069e-03	9.955879e+01
3.424839e-04	2.194685e-03	9.956098e+01
3.410644e-04	2.185589e-03	9.956317e+01
3.403378e-04	2.180932e-03	9.956535e+01
3.394491e-04	2.175238e-03	9.956752e+01
3.378385e-04	2.164916e-03	9.956969e+01
3.362616e-04	2.154812e-03	9.957184e+01
3.350877e-04	2.147289e-03	9.957399e+01
3.338760e-04	2.139524e-03	9.957613e+01
3.327513e-04	2.132317e-03	9.957826e+01
3.306441e-04	2.118814e-03	9.958038e+01
3.296001e-04	2.112124e-03	9.958249e+01
3.290010e-04	2.108285e-03	9.958460e+01
3.278079e-04	2.100639e-03	9.958670e+01
3.269142e-04	2.094912e-03	9.958880e+01
3.242339e-04	2.077736e-03	9.959088e+01
3.225320e-04	2.066831e-03	9.959294e+01
3.221985e-04	2.064693e-03	9.959501e+01
3.212575e-04	2.058663e-03	9.959707e+01
3.203366e-04	2.052762e-03	9.959912e+01
3.188697e-04	2.043362e-03	9.960116e+01
3.180790e-04	2.038295e-03	9.960320e+01
3.170549e-04	2.031732e-03	9.960523e+01
3.158751e-04	2.024172e-03	9.960726e+01
3.137323e-04	2.010441e-03	9.960927e+01
3.115009e-04	1.996141e-03	9.961126e+01
3.110303e-04	1.993126e-03	9.961326e+01
3.105540e-04	1.990074e-03	9.961525e+01
3.091748e-04	1.981235e-03	9.961723e+01
3.083163e-04	1.975735e-03	9.961920e+01
3.074606e-04	1.970251e-03	9.962117e+01
3.067676e-04	1.965810e-03	9.962314e+01
3.048044e-04	1.953229e-03	9.962509e+01
3.042463e-04	1.949653e-03	9.962704e+01
3.025284e-04	1.938645e-03	9.962898e+01
3.013687e-04	1.931213e-03	9.963091e+01
2.999970e-04	1.922423e-03	9.963283e+01
2.999719e-04	1.922262e-03	9.963476e+01
2.983299e-04	1.911740e-03	9.963667e+01
2.977361e-04	1.907935e-03	9.963858e+01
2.971647e-04	1.904273e-03	9.964048e+01
2.942171e-04	1.885384e-03	9.964237e+01
2.926184e-04	1.875140e-03	9.964424e+01
2.916675e-04	1.869046e-03	9.964611e+01
2.894503e-04	1.854838e-03	9.964797e+01
2.891281e-04	1.852774e-03	9.964982e+01
2.888213e-04	1.850808e-03	9.965167e+01
2.881354e-04	1.846412e-03	9.965352e+01
2.866554e-04	1.836928e-03	9.965535e+01
2.860684e-04	1.833167e-03	9.965719e+01
2.843623e-04	1.822234e-03	9.965901e+01
2.829847e-04	1.813406e-03	9.966082e+01
2.803084e-04	1.796256e-03	9.966262e+01
2.797469e-04	1.792657e-03	9.966441e+01
2.789128e-04	1.787312e-03	9.966620e+01
2.764321e-04	1.771416e-03	9.966797e+01
2.755740e-04	1.765917e-03	9.966973e+01
2.743639e-04	1.758163e-03	9.967149e+01
2.736716e-04	1.753726e-03	9.967325e+01
2.735887e-04	1.753195e-03	9.967500e+01
2.729741e-04	1.749257e-03	9.967675e+01
2.711777e-04	1.737745e-03	9.967849e+01
2.709757e-04	1.736450e-03	9.968022e+01
2.702416e-04	1.731746e-03	9.968195e+01
2.688718e-04	1.722969e-03	9.968368e+01
2.683543e-04	1.719652e-03	9.968540e+01
2.672100e-04	1.712319e-03	9.968711e+01
2.664443e-04	1.707413e-03	9.968882e+01
2.657247e-04	1.702801e-03	9.969052e+01
2.649561e-04	1.697876e-03	9.969222e+01
2.632376e-04	1.686864e-03	9.969390e+01
2.613366e-04	1.674681e-03	9.969558e+01
2.603807e-04	1.668556e-03	9.969725e+01
2.595209e-04	1.663047e-03	9.969891e+01
2.588452e-04	1.658717e-03	9.970057e+01
2.582662e-04	1.655006e-03	9.970222e+01
2.571501e-04	1.647854e-03	9.970387e+01
2.558011e-04	1.639210e-03	9.970551e+01
2.546070e-04	1.631557e-03	9.970714e+01
2.544308e-04	1.630428e-03	9.970877e+01
2.530330e-04	1.621471e-03	9.971040e+01
2.516769e-04	1.612781e-03	9.971201e+01
2.505688e-04	1.605680e-03	9.971361e+01
2.501150e-04	1.602772e-03	9.971522e+01
2.490609e-04	1.596017e-03	9.971681e+01
2.477755e-04	1.587780e-03	9.971840e+01
2.464708e-04	1.579420e-03	9.971998e+01
2.455939e-04	1.573800e-03	9.972155e+01
2.445053e-04	1.566825e-03	9.972312e+01
2.441727e-04	1.564693e-03	9.972468e+01
2.435820e-04	1.560908e-03	9.972625e+01
2.420654e-04	1.551189e-03	9.972780e+01
2.414242e-04	1.547080e-03	9.972934e+01
2.400124e-04	1.538033e-03	9.973088e+01
2.394225e-04	1.534253e-03	9.973242e+01
2.380642e-04	1.525549e-03	9.973394e+01
2.374599e-04	1.521676e-03	9.973546e+01
2.367111e-04	1.516878e-03	9.973698e+01
2.359011e-04	1.511687e-03	9.973849e+01
2.351967e-04	1.507173e-03	9.974000e+01
2.335997e-04	1.496940e-03	9.974150e+01
2.329528e-04	1.492794e-03	9.974299e+01
2.312953e-04	1.482173e-03	9.974447e+01
2.311098e-04	1.480984e-03	9.974595e+01
2.305257e-04	1.477241e-03	9.974743e+01
2.289076e-04	1.466872e-03	9.974890e+01
2.274383e-04	1.457457e-03	9.975035e+01
2.267977e-04	1.453352e-03	9.975181e+01
2.257258e-04	1.446483e-03	9.975325e+01
2.236927e-04	1.433454e-03	9.975469e+01
2.226235e-04	1.426602e-03	9.975611e+01
2.224483e-04	1.425480e-03	9.975754e+01
2.213438e-04	1.418402e-03	9.975896e+01
2.203887e-04	1.412282e-03	9.976037e+01
2.199550e-04	1.409502e-03	9.976178e+01
2.196972e-04	1.407850e-03	9.976319e+01
2.187709e-04	1.401915e-03	9.976459e+01
2.175594e-04	1.394151e-03	9.976598e+01
2.166358e-04	1.388233e-03	9.976737e+01
2.149313e-04	1.377310e-03	9.976875e+01
2.144534e-04	1.374248e-03	9.977012e+01
2.127359e-04	1.363242e-03	9.977149e+01
2.121643e-04	1.359579e-03	9.977285e+01
2.114235e-04	1.354831e-03	9.977420e+01
2.105619e-04	1.349310e-03	9.977555e+01
2.099388e-04	1.345317e-03	9.977690e+01
2.092637e-04	1.340991e-03	9.977824e+01
2.079882e-04	1.332818e-03	9.977957e+01
2.076223e-04	1.330473e-03	9.978090e+01
2.065837e-04	1.323818e-03	9.978222e+01
2.061521e-04	1.321052e-03	9.978354e+01
2.053203e-04	1.315722e-03	9.978486e+01
2.048520e-04	1.312720e-03	9.978617e+01
2.047781e-04	1.312247e-03	9.978749e+01
2.031871e-04	1.302052e-03	9.978879e+01
2.024507e-04	1.297332e-03	9.979008e+01
2.011808e-04	1.289195e-03	9.979137e+01
2.006501e-04	1.285794e-03	9.979266e+01
1.998132e-04	1.280431e-03	9.979394e+01
1.988524e-04	1.274274e-03	9.979521e+01
1.978826e-04	1.268060e-03	9.979648e+01
1.970782e-04	1.262905e-03	9.979775e+01
1.962684e-04	1.257716e-03	9.979900e+01
1.949963e-04	1.249563e-03	9.980025e+01
1.936332e-04	1.240829e-03	9.980149e+01
1.933138e-04	1.238782e-03	9.980273e+01
1.922558e-04	1.232002e-03	9.980396e+01
1.908948e-04	1.223281e-03	9.980519e+01
1.902302e-04	1.219022e-03	9.980641e+01
1.898422e-04	1.216535e-03	9.980762e+01
1.891907e-04	1.212361e-03	9.980884e+01
1.885888e-04	1.208503e-03	9.981004e+01
1.870415e-04	1.198588e-03	9.981124e+01
1.863137e-04	1.193925e-03	9.981244e+01
1.855000e-04	1.188710e-03	9.981363e+01
1.839193e-04	1.178581e-03	9.981480e+01
1.833648e-04	1.175028e-03	9.981598e+01
1.833295e-04	1.174801e-03	9.981715e+01
1.824166e-04	1.168951e-03	9.981832e+01
1.814722e-04	1.162899e-03	9.981949e+01
1.809373e-04	1.159471e-03	9.982064e+01
1.805385e-04	1.156916e-03	9.982180e+01
1.797880e-04	1.152107e-03	9.982295e+01
1.785068e-04	1.143896e-03	9.982410e+01
1.773128e-04	1.136245e-03	9.982523e+01
1.770963e-04	1.134858e-03	9.982637e+01
1.759262e-04	1.127360e-03	9.982750e+01
1.755108e-04	1.124698e-03	9.982862e+01
1.743779e-04	1.117438e-03	9.982974e+01
1.737666e-04	1.113521e-03	9.983085e+01
1.731997e-04	1.109888e-03	9.983196e+01
1.725133e-04	1.105489e-03	9.983307e+01
1.711326e-04	1.096642e-03	9.983416e+01
1.706444e-04	1.093514e-03	9.983526e+01
1.696465e-04	1.087119e-03	9.983634e+01
1.688484e-04	1.082004e-03	9.983743e+01
1.686103e-04	1.080478e-03	9.983851e+01
1.679817e-04	1.076450e-03	9.983958e+01
1.667311e-04	1.068437e-03	9.984065e+01
1.661827e-04	1.064922e-03	9.984172e+01
1.656086e-04	1.061243e-03	9.984278e+01
1.648007e-04	1.056066e-03	9.984383e+01
1.638312e-04	1.049853e-03	9.984488e+01
1.621300e-04	1.038952e-03	9.984592e+01
1.615663e-04	1.035339e-03	9.984696e+01
1.608439e-04	1.030710e-03	9.984799e+01
1.600784e-04	1.025805e-03	9.984901e+01
1.595057e-04	1.022135e-03	9.985004e+01
1.583095e-04	1.014470e-03	9.985105e+01
1.573805e-04	1.008517e-03	9.985206e+01
1.571255e-04	1.006883e-03	9.985307e+01
1.568249e-04	1.004956e-03	9.985407e+01
1.558372e-04	9.986269e-04	9.985507e+01
1.553237e-04	9.953360e-04	9.985607e+01
1.546339e-04	9.909158e-04	9.985706e+01
1.537847e-04	9.854741e-04	9.985804e+01
1.533839e-04	9.829055e-04	9.985903e+01
1.527472e-04	9.788254e-04	9.986000e+01
1.515932e-04	9.714308e-04	9.986098e+01
1.506928e-04	9.656605e-04	9.986194e+01
1.495426e-04	9.582899e-04	9.986290e+01
1.482298e-04	9.498777e-04	9.986385e+01
1.477151e-04	9.465790e-04	9.986480e+01
1.468512e-04	9.410429e-04	9.986574e+01
1.466458e-04	9.397270e-04	9.986668e+01
1.461024e-04	9.362450e-04	9.986761e+01
1.448895e-04	9.284722e-04	9.986854e+01
1.445613e-04	9.263693e-04	9.986947e+01
1.440273e-04	9.229471e-04	9.987039e+01
1.433397e-04	9.185408e-04	9.987131e+01
1.430707e-04	9.168174e-04	9.987223e+01
1.426516e-04	9.141314e-04	9.987314e+01
1.416890e-04	9.079631e-04	9.987405e+01
1.404106e-04	8.997708e-04	9.987495e+01
1.400633e-04	8.975455e-04	9.987585e+01
1.393393e-04	8.929058e-04	9.987674e+01
1.390643e-04	8.911434e-04	9.987763e+01
1.385886e-04	8.880950e-04	9.987852e+01
1.379721e-04	8.841444e-04	9.987940e+01
1.372123e-04	8.792756e-04	9.988028e+01
1.366713e-04	8.758092e-04	9.988116e+01
1.359531e-04	8.712064e-04	9.988203e+01
1.350404e-04	8.653577e-04	9.988289e+01
1.345468e-04	8.621948e-04	9.988376e+01
1.337627e-04	8.571701e-04	9.988461e+01
1.329054e-04	8.516767e-04	9.988546e+01
1.326730e-04	8.501870e-04	9.988631e+01
1.313423e-04	8.416601e-04	9.988716e+01
1.305168e-04	8.363702e-04	9.988799e+01
1.301491e-04	8.340135e-04	9.988883e+01
1.298483e-04	8.320861e-04	9.988966e+01
1.294872e-04	8.297725e-04	9.989049e+01
1.287106e-04	8.247956e-04	9.989131e+01
1.281813e-04	8.214040e-04	9.989213e+01
1.272545e-04	8.154647e-04	9.989295e+01
1.266412e-04	8.115347e-04	9.989376e+01
1.261081e-04	8.081186e-04	9.989457e+01
1.253572e-04	8.033065e-04	9.989537e+01
1.248003e-04	7.997377e-04	9.989617e+01
1.239206e-04	7.941004e-04	9.989697e+01
1.235692e-04	7.918490e-04	9.989776e+01
1.228699e-04	7.873678e-04	9.989855e+01
1.223870e-04	7.842731e-04	9.989933e+01
1.216904e-04	7.798095e-04	9.990011e+01
1.205303e-04	7.723754e-04	9.990088e+01
1.202370e-04	7.704953e-04	9.990165e+01
1.195506e-04	7.660972e-04	9.990242e+01
1.188493e-04	7.616030e-04	9.990318e+01
1.187165e-04	7.607521e-04	9.990394e+01
1.177774e-04	7.547342e-04	9.990470e+01
1.167288e-04	7.480148e-04	9.990544e+01
1.165597e-04	7.469307e-04	9.990619e+01
1.159542e-04	7.430511e-04	9.990693e+01
1.158356e-04	7.422910e-04	9.990768e+01
1.153590e-04	7.392365e-04	9.990842e+01
1.142586e-04	7.321852e-04	9.990915e+01
1.138484e-04	7.295567e-04	9.990988e+01
1.132926e-04	7.259952e-04	9.991060e+01
1.126960e-04	7.221721e-04	9.991133e+01
1.120874e-04	7.182716e-04	9.991204e+01
1.115422e-04	7.147782e-04	9.991276e+01
1.106856e-04	7.092887e-04	9.991347e+01
1.103928e-04	7.074123e-04	9.991418e+01
1.094399e-04	7.013061e-04	9.991488e+01
1.083427e-04	6.942754e-04	9.991557e+01
1.081544e-04	6.930685e-04	9.991626e+01
1.077197e-04	6.902831e-04	9.991695e+01
1.067587e-04	6.841246e-04	9.991764e+01
1.064289e-04	6.820113e-04	9.991832e+01
1.062069e-04	6.805886e-04	9.991900e+01
1.050349e-04	6.730783e-04	9.991967e+01
1.043288e-04	6.685534e-04	9.992034e+01
1.040301e-04	6.666392e-04	9.992101e+01
1.036004e-04	6.638862e-04	9.992167e+01
1.026127e-04	6.575563e-04	9.992233e+01
1.018431e-04	6.526249e-04	9.992298e+01
1.014069e-04	6.498297e-04	9.992363e+01
1.013832e-04	6.496775e-04	9.992428e+01
1.011824e-04	6.483908e-04	9.992493e+01
1.002740e-04	6.425702e-04	9.992557e+01
9.987292e-05	6.399997e-04	9.992621e+01
9.965132e-05	6.385797e-04	9.992685e+01
9.875766e-05	6.328530e-04	9.992749e+01
9.860394e-05	6.318679e-04	9.992812e+01
9.796535e-05	6.277757e-04	9.992874e+01
9.711721e-05	6.223408e-04	9.992937e+01
9.652184e-05	6.185255e-04	9.992999e+01
9.638587e-05	6.176542e-04	9.993060e+01
9.548278e-05	6.118671e-04	9.993122e+01
9.455340e-05	6.059115e-04	9.993182e+01
9.398548e-05	6.022722e-04	9.993242e+01
9.325379e-05	5.975834e-04	9.993302e+01
9.213062e-05	5.903860e-04	9.993361e+01
9.165856e-05	5.873609e-04	9.993420e+01
9.111039e-05	5.838482e-04	9.993478e+01
9.082176e-05	5.819987e-04	9.993536e+01
9.012336e-05	5.775232e-04	9.993594e+01
8.913758e-05	5.712062e-04	9.993651e+01
8.907790e-05	5.708238e-04	9.993708e+01
8.857995e-05	5.676328e-04	9.993765e+01
8.800601e-05	5.639549e-04	9.993822e+01
8.737322e-05	5.598999e-04	9.993878e+01
8.717834e-05	5.586511e-04	9.993933e+01
8.639606e-05	5.536381e-04	9.993989e+01
8.609911e-05	5.517352e-04	9.994044e+01
8.589792e-05	5.504459e-04	9.994099e+01
8.557559e-05	5.483804e-04	9.994154e+01
8.508245e-05	5.452203e-04	9.994208e+01
8.503434e-05	5.449120e-04	9.994263e+01
8.441911e-05	5.409695e-04	9.994317e+01
8.407823e-05	5.387851e-04	9.994371e+01
8.328361e-05	5.336931e-04	9.994424e+01
8.252174e-05	5.288109e-04	9.994477e+01
8.212190e-05	5.262487e-04	9.994530e+01
8.171782e-05	5.236593e-04	9.994582e+01
8.150248e-05	5.222794e-04	9.994634e+01
8.092174e-05	5.185579e-04	9.994686e+01
8.057812e-05	5.163559e-04	9.994738e+01
8.012437e-05	5.134482e-04	9.994789e+01
7.985400e-05	5.117157e-04	9.994840e+01
7.923658e-05	5.077592e-04	9.994891e+01
7.882552e-05	5.051250e-04	9.994942e+01
7.834239e-05	5.020290e-04	9.994992e+01
7.815755e-05	5.008446e-04	9.995042e+01
7.782170e-05	4.986924e-04	9.995092e+01
7.693846e-05	4.930325e-04	9.995141e+01
7.676367e-05	4.919124e-04	9.995190e+01
7.658081e-05	4.907406e-04	9.995239e+01
7.557871e-05	4.843190e-04	9.995288e+01
7.536105e-05	4.829242e-04	9.995336e+01
7.487041e-05	4.797802e-04	9.995384e+01
7.421221e-05	4.755623e-04	9.995432e+01
7.375680e-05	4.726440e-04	9.995479e+01
7.322604e-05	4.692428e-04	9.995526e+01
7.248321e-05	4.644826e-04	9.995572e+01
7.223564e-05	4.628961e-04	9.995619e+01
7.169985e-05	4.594627e-04	9.995664e+01
7.157922e-05	4.586897e-04	9.995710e+01
7.089731e-05	4.543200e-04	9.995756e+01
7.029735e-05	4.504753e-04	9.995801e+01
7.006337e-05	4.489759e-04	9.995846e+01
6.957362e-05	4.458375e-04	9.995890e+01
6.932692e-05	4.442567e-04	9.995935e+01
6.910061e-05	4.428064e-04	9.995979e+01
6.828940e-05	4.376081e-04	9.996023e+01
6.812353e-05	4.365451e-04	9.996066e+01
6.741614e-05	4.320121e-04	9.996110e+01
6.717032e-05	4.304369e-04	9.996153e+01
6.654605e-05	4.264365e-04	9.996195e+01
6.614336e-05	4.238559e-04	9.996238e+01
6.598299e-05	4.228283e-04	9.996280e+01
6.556730e-05	4.201645e-04	9.996322e+01
6.481724e-05	4.153580e-04	9.996364e+01
6.430282e-05	4.120615e-04	9.996405e+01
6.414981e-05	4.110810e-04	9.996446e+01
6.380354e-05	4.088621e-04	9.996487e+01
6.310692e-05	4.043980e-04	9.996527e+01
6.292213e-05	4.032138e-04	9.996567e+01
6.212146e-05	3.980830e-04	9.996607e+01
6.192335e-05	3.968135e-04	9.996647e+01
6.152288e-05	3.942473e-04	9.996686e+01
6.075490e-05	3.893260e-04	9.996725e+01
6.048199e-05	3.875771e-04	9.996764e+01
6.018562e-05	3.856780e-04	9.996803e+01
5.980227e-05	3.832214e-04	9.996841e+01
5.944077e-05	3.809049e-04	9.996879e+01
5.935291e-05	3.803418e-04	9.996917e+01
5.875728e-05	3.765250e-04	9.996955e+01
5.789896e-05	3.710247e-04	9.996992e+01
5.751884e-05	3.685888e-04	9.997029e+01
5.735974e-05	3.675693e-04	9.997065e+01
5.705383e-05	3.656090e-04	9.997102e+01
5.643251e-05	3.616274e-04	9.997138e+01
5.620918e-05	3.601963e-04	9.997174e+01
5.592941e-05	3.584035e-04	9.997210e+01
5.526063e-05	3.541179e-04	9.997245e+01
5.489909e-05	3.518011e-04	9.997281e+01
5.472532e-05	3.506875e-04	9.997316e+01
5.435516e-05	3.483155e-04	9.997351e+01
5.366234e-05	3.438758e-04	9.997385e+01
5.340032e-05	3.421968e-04	9.997419e+01
5.272612e-05	3.378764e-04	9.997453e+01
5.270589e-05	3.377468e-04	9.997487e+01
5.190274e-05	3.326001e-04	9.997520e+01
5.161100e-05	3.307305e-04	9.997553e+01
5.111731e-05	3.275669e-04	9.997586e+01
5.101167e-05	3.268899e-04	9.997618e+01
5.073077e-05	3.250899e-04	9.997651e+01
5.011299e-05	3.211311e-04	9.997683e+01
4.981065e-05	3.191937e-04	9.997715e+01
4.949411e-05	3.171652e-04	9.997747e+01
4.926186e-05	3.156769e-04	9.997778e+01
4.893663e-05	3.135928e-04	9.997810e+01
4.851829e-05	3.109120e-04	9.997841e+01
4.820356e-05	3.088952e-04	9.997872e+01
4.776847e-05	3.061071e-04	9.997902e+01
4.758710e-05	3.049448e-04	9.997933e+01
4.668437e-05	2.991600e-04	9.997963e+01
4.652880e-05	2.981631e-04	9.997993e+01
4.605968e-05	2.951569e-04	9.998022e+01
4.556347e-05	2.919771e-04	9.998051e+01
4.536680e-05	2.907169e-04	9.998080e+01
4.486307e-05	2.874889e-04	9.998109e+01
4.435496e-05	2.842328e-04	9.998137e+01
4.424682e-05	2.835399e-04	9.998166e+01
4.381219e-05	2.807547e-04	9.998194e+01
4.375220e-05	2.803703e-04	9.998222e+01
4.310025e-05	2.761925e-04	9.998250e+01
4.271850e-05	2.737462e-04	9.998277e+01
4.230071e-05	2.710689e-04	9.998304e+01
4.185044e-05	2.681835e-04	9.998331e+01
4.157497e-05	2.664182e-04	9.998357e+01
4.132174e-05	2.647955e-04	9.998384e+01
4.114820e-05	2.636835e-04	9.998410e+01
4.084563e-05	2.617445e-04	9.998437e+01
4.046993e-05	2.593370e-04	9.998462e+01
3.992339e-05	2.558347e-04	9.998488e+01
3.970093e-05	2.544092e-04	9.998513e+01
3.948404e-05	2.530193e-04	9.998539e+01
3.910145e-05	2.505676e-04	9.998564e+01
3.905377e-05	2.502620e-04	9.998589e+01
3.842042e-05	2.462034e-04	9.998613e+01
3.783047e-05	2.424230e-04	9.998638e+01
3.766666e-05	2.413732e-04	9.998662e+01
3.751534e-05	2.404036e-04	9.998686e+01
3.735863e-05	2.393994e-04	9.998710e+01
3.661853e-05	2.346567e-04	9.998733e+01
3.650193e-05	2.339095e-04	9.998757e+01
3.633325e-05	2.328286e-04	9.998780e+01
3.568097e-05	2.286487e-04	9.998803e+01
3.548550e-05	2.273961e-04	9.998826e+01
3.502776e-05	2.244628e-04	9.998848e+01
3.469994e-05	2.223621e-04	9.998870e+01
3.446246e-05	2.208403e-04	9.998892e+01
3.427255e-05	2.196233e-04	9.998914e+01
3.389540e-05	2.172065e-04	9.998936e+01
3.356635e-05	2.150979e-04	9.998958e+01
3.319117e-05	2.126937e-04	9.998979e+01
3.301315e-05	2.115529e-04	9.999000e+01
3.259492e-05	2.088729e-04	9.999021e+01
3.227605e-05	2.068295e-04	9.999042e+01
3.195580e-05	2.047773e-04	9.999062e+01
3.153958e-05	2.021101e-04	9.999082e+01
3.133973e-05	2.008294e-04	9.999102e+01
3.062427e-05	1.962446e-04	9.999122e+01
3.056516e-05	1.958659e-04	9.999142e+01
3.038858e-05	1.947343e-04	9.999161e+01
3.005773e-05	1.926142e-04	9.999180e+01
3.001213e-05	1.923219e-04	9.999199e+01
2.960905e-05	1.897390e-04	9.999218e+01
2.955485e-05	1.893916e-04	9.999237e+01
2.926011e-05	1.875029e-04	9.999256e+01
2.890830e-05	1.852485e-04	9.999275e+01
2.837416e-05	1.818256e-04	9.999293e+01
2.815863e-05	1.804445e-04	9.999311e+01
2.774150e-05	1.777714e-04	9.999329e+01
2.735378e-05	1.752869e-04	9.999346e+01
2.713391e-05	1.738779e-04	9.999364e+01
2.682253e-05	1.718826e-04	9.999381e+01
2.670579e-05	1.711345e-04	9.999398e+01
2.630520e-05	1.685674e-04	9.999415e+01
2.612639e-05	1.674216e-04	9.999431e+01
2.602995e-05	1.668036e-04	9.999448e+01
2.572796e-05	1.648684e-04	9.999465e+01
2.550740e-05	1.634550e-04	9.999481e+01
2.538221e-05	1.626528e-04	9.999497e+01
2.506439e-05	1.606162e-04	9.999513e+01
2.466010e-05	1.580254e-04	9.999529e+01
2.451422e-05	1.570906e-04	9.999545e+01
2.414900e-05	1.547502e-04	9.999560e+01
2.359485e-05	1.511992e-04	9.999575e+01
2.303531e-05	1.476135e-04	9.999590e+01
2.291661e-05	1.468528e-04	9.999605e+01
2.277285e-05	1.459316e-04	9.999619e+01
2.235857e-05	1.432769e-04	9.999634e+01
2.213611e-05	1.418513e-04	9.999648e+01
2.187710e-05	1.401915e-04	9.999662e+01
2.172479e-05	1.392155e-04	9.999676e+01
2.126468e-05	1.362671e-04	9.999690e+01
2.096381e-05	1.343391e-04	9.999703e+01
2.058626e-05	1.319196e-04	9.999716e+01
2.022493e-05	1.296042e-04	9.999729e+01
2.008774e-05	1.287251e-04	9.999742e+01
1.966543e-05	1.260189e-04	9.999755e+01
1.957930e-05	1.254669e-04	9.999767e+01
1.893659e-05	1.213484e-04	9.999779e+01
1.871579e-05	1.199334e-04	9.999791e+01
1.846981e-05	1.183572e-04	9.999803e+01
1.827256e-05	1.170932e-04	9.999815e+01
1.810823e-05	1.160401e-04	9.999826e+01
1.776166e-05	1.138192e-04	9.999838e+01
1.738952e-05	1.114345e-04	9.999849e+01
1.725721e-05	1.105866e-04	9.999860e+01
1.697046e-05	1.087491e-04	9.999871e+01
1.645935e-05	1.054738e-04	9.999881e+01
1.629238e-05	1.044039e-04	9.999892e+01
1.594657e-05	1.021879e-04	9.999902e+01
1.569933e-05	1.006035e-04	9.999912e+01
1.533165e-05	9.824735e-05	9.999922e+01
1.512848e-05	9.694546e-05	9.999932e+01
1.475655e-05	9.456208e-05	9.999941e+01
1.423462e-05	9.121745e-05	9.999950e+01
1.379243e-05	8.838386e-05	9.999959e+01
1.360246e-05	8.716648e-05	9.999968e+01
1.327489e-05	8.506734e-05	9.999976e+01
1.285953e-05	8.240570e-05	9.999985e+01
1.218596e-05	7.808935e-05	9.999992e+01
1.190190e-05	7.626908e-05	1.000000e+02
